FASTVC-BENCH-CORPUS:chromium-main-v1-943b94ae-1c74-4335-94fa-ceb4d277cea8
7,0,h,-2989720,100,1142136896,3,2,0,289,4290
7,0,h,-2983567,100,1175711808,3,2,0,289,4290
7,0,h,-2982356,100,1142157376,3,2,0,289,4290
7,0,h,-2979112,100,67366976,3,2,0,289,4290
7,0,h,-2978076,100,1141088320,3,2,0,289,4290
7,0,h,-2978055,100,1141088320,3,2,0,289,4290
7,0,h,-2976864,100,67346496,3,2,0,289,4290
7,0,h,-2940166,100,1141108800,3,2,0,289,4290
7,0,h,-2936972,100,1141108800,3,2,0,289,4290
7,0,h,-2935437,100,1141088320,3,2,0,289,4290
7,0,h,-2935416,100,67346496,3,2,0,289,4290
7,0,h,-2905187,100,1141108800,3,2,0,289,4290
7,0,h,-2905158,100,67366976,3,2,0,289,4290
7,0,h,-2901181,100,1141088320,3,2,0,289,4290
7,0,h,-2901161,100,67346496,3,2,0,289,4290
7,0,h,-2826207,100,1142136896,3,2,0,289,4290
7,0,h,-2825334,100,67346496,3,2,0,289,4290
7,0,h,-2825046,100,1142136896,3,2,0,289,4290
7,0,h,-2819505,100,1142157376,3,2,0,289,4290
7,0,h,-2815829,100,1142136896,3,2,0,289,4290
7,0,h,-2807575,100,67346496,3,2,0,289,4290
7,0,h,-2775186,100,1141108800,3,2,0,289,4290
7,0,h,-2775153,100,1141108800,3,2,0,289,4290
7,0,h,-2771245,100,67346496,3,2,0,289,4290
7,0,h,-2703205,100,67366976,3,2,0,289,4290
7,0,h,-2703063,100,1141108800,3,2,0,289,4290
7,0,h,-2699416,100,1141108800,3,2,0,289,4290
7,0,h,-2698259,100,1141088320,3,2,0,289,4290
7,0,h,-2698238,100,1191419968,3,2,0,289,4290
7,0,h,-2696215,100,67346496,3,2,0,289,4290
7,0,h,-2638208,100,67366976,3,2,0,289,4290
7,0,h,-2635184,100,1141088320,3,2,0,289,4290
7,0,h,-2635158,100,67346496,3,2,0,289,4290
7,0,h,-2580168,100,1141108800,3,2,0,289,4290
7,0,h,-2576941,100,1141108800,3,2,0,289,4290
7,0,h,-2576181,100,1141088320,3,2,0,289,4290
7,0,h,-2576142,100,67346496,3,2,0,289,4290
7,0,h,-2532208,100,67366976,3,2,0,289,4290
7,0,h,-2528185,100,1141088320,3,2,0,289,4290
7,0,h,-2528166,100,67346496,3,2,0,289,4290
7,0,h,-2412207,100,1191419968,3,2,0,289,4290
7,0,h,-2409526,100,67346496,3,2,0,289,4290
7,0,h,-2400196,100,1141108800,3,2,0,289,4290
7,0,h,-2396319,100,1141108800,3,2,0,289,4290
7,0,h,-2395171,100,1141088320,3,2,0,289,4290
7,0,h,-2395140,100,67346496,3,2,0,289,4290
7,0,h,-2156208,100,1174663232,3,2,0,289,4290
7,0,h,-2155652,100,67366976,3,2,0,289,4290
7,0,h,-2152189,100,1141088320,3,2,0,289,4290
7,0,h,-2152164,100,67346496,3,2,0,289,4290
7,0,h,-2127198,99,1191419968,3,2,0,264,4290
7,0,h,-2124546,99,67346496,3,2,0,264,4290
7,0,h,-2107209,99,67366976,3,2,0,264,4290
7,0,h,-2104760,99,1141088320,3,2,0,264,4290
7,0,h,-2101358,99,1141108800,3,2,0,264,4290
7,0,h,-2098237,99,1141108800,3,2,0,264,4290
7,0,h,-2097191,99,1141088320,3,2,0,264,4290
7,0,h,-2097168,99,67346496,3,2,0,264,4290
7,0,h,-2041193,99,67366976,3,2,0,264,4290
7,0,h,-2041051,99,67366976,3,2,0,264,4290
7,0,h,-2036191,99,1141088320,3,2,0,264,4290
7,0,h,-2036175,99,67346496,3,2,0,264,4290
7,0,h,-2014190,99,1174642752,3,2,0,264,4290
7,0,h,-2011734,99,1174663232,3,2,0,264,4290
7,0,h,-2007183,99,1174642752,3,2,0,264,4290
7,0,h,-1983975,99,1191419968,3,2,0,264,4290
7,0,h,-1978792,99,1174663232,3,2,0,264,4290
7,0,h,-1970204,99,1174642752,3,2,0,264,4290
7,0,h,-1959868,99,1174663232,3,2,0,264,4290
7,0,h,-1956415,99,1174642752,3,2,0,264,4290
7,0,h,-1945098,99,1174663232,3,2,0,264,4290
7,0,h,-1941116,99,1174642752,3,2,0,264,4290
7,0,h,-1933429,99,1174663232,3,2,0,264,4290
7,0,h,-1929969,99,1174642752,3,2,0,264,4290
7,0,h,-1921597,99,1174663232,3,2,0,264,4290
7,0,h,-1918136,99,1174642752,3,2,0,264,4290
7,0,h,-1882567,99,1174663232,3,2,0,264,4290
7,0,h,-1877171,99,1174642752,3,2,0,264,4290
7,0,h,-1867531,99,1174663232,3,2,0,264,4290
7,0,h,-1863556,99,1174642752,3,2,0,264,4290
7,0,h,-1857399,99,67346496,3,2,0,264,4290
7,0,h,-1796277,99,67366976,3,2,0,264,4290
7,0,h,-1792261,99,1141088320,3,2,0,264,4290
7,0,h,-1792241,99,67346496,3,2,0,264,4290
7,0,h,-1768259,99,1141108800,3,2,0,264,4290
7,0,h,-1768240,99,67366976,3,2,0,264,4290
7,0,h,-1761261,99,1141088320,3,2,0,264,4290
7,0,h,-1761229,99,1141088320,3,2,0,264,4290
7,0,h,-1759264,99,1141108800,3,2,0,264,4290
7,0,h,-1759244,99,1141108800,3,2,0,264,4290
7,0,h,-1758402,99,1141088320,3,2,0,264,4290
7,0,h,-1758383,99,67346496,3,2,0,264,4290
7,0,h,-1756261,99,1141108800,3,2,0,264,4290
7,0,h,-1756240,99,67366976,3,2,0,264,4290
7,0,h,-1752261,99,1141088320,3,2,0,264,4290
7,0,h,-1752240,99,67346496,3,2,0,264,4290
7,0,h,-1734261,99,1141108800,3,2,0,264,4290
7,0,h,-1734241,99,67366976,3,2,0,264,4290
7,0,h,-1730261,99,1141088320,3,2,0,264,4290
7,0,h,-1730241,99,67346496,3,2,0,264,4290
7,0,h,-1690277,99,1191440448,3,2,0,264,4290
7,0,h,-1687541,99,67366976,3,2,0,264,4290
7,0,h,-1686184,99,1141088320,3,2,0,264,4290
7,0,h,-1686167,99,67346496,3,2,0,264,4290
7,0,h,-1660186,99,1141108800,3,2,0,264,4290
7,0,h,-1659960,99,1141108800,3,2,0,264,4290
7,0,h,-1658385,99,67366976,3,2,0,264,4290
7,0,h,-1654851,99,1141088320,3,2,0,264,4290
7,0,h,-1654811,99,67346496,3,2,0,264,4290
7,0,h,-1629208,99,67366976,3,2,0,264,4290
7,0,h,-1625250,99,1141088320,3,2,0,264,4290
7,0,h,-1625220,99,67346496,3,2,0,264,4290
7,0,h,-1614183,99,1141108800,3,2,0,264,4290
7,0,h,-1613713,99,67366976,3,2,0,264,4290
7,0,h,-1610187,99,1141088320,3,2,0,264,4290
7,0,h,-1610168,99,67346496,3,2,0,264,4290
7,0,h,-1503206,99,67366976,3,2,0,264,4290
7,0,h,-1499188,99,1141088320,3,2,0,264,4290
7,0,h,-1499170,99,67346496,3,2,0,264,4290
7,0,h,-1430210,99,67366976,3,2,0,264,4290
7,0,h,-1430044,99,67366976,3,2,0,264,4290
7,0,h,-1428060,99,1141108800,3,2,0,264,4290
7,0,h,-1425111,99,1141108800,3,2,0,264,4290
7,0,h,-1424329,99,1141108800,3,2,0,264,4290
7,0,h,-1423325,99,67366976,3,2,0,264,4290
7,0,h,-1421198,99,1141088320,3,2,0,264,4290
7,0,h,-1421171,99,67346496,3,2,0,264,4290
7,0,h,-1415190,99,1141108800,3,2,0,264,4290
7,0,h,-1411247,99,1141088320,3,2,0,264,4290
7,0,h,-1405203,99,1191419968,3,2,0,264,4290
7,0,h,-1402580,99,1141108800,3,2,0,264,4290
7,0,h,-1399588,99,67366976,3,2,0,264,4290
7,0,h,-1395184,99,1141088320,3,2,0,264,4290
7,0,h,-1395166,99,67346496,3,2,0,264,4290
7,0,h,-1376208,99,67366976,3,2,0,264,4290
7,0,h,-1376082,99,1141108800,3,2,0,264,4290
7,0,h,-1371832,99,67366976,3,2,0,264,4290
7,0,h,-1369747,99,1141088320,3,2,0,264,4290
7,0,h,-1369708,99,67346496,3,2,0,264,4290
7,0,h,-1362184,99,1141108800,3,2,0,264,4290
7,0,h,-1358241,99,1141108800,3,2,0,264,4290
7,0,h,-1357175,99,67346496,3,2,0,264,4290
7,0,h,-1320964,99,1141108800,3,2,0,264,4290
7,0,h,-1313514,99,67346496,3,2,0,264,4290
7,0,h,-1187202,99,67366976,3,2,0,264,4290
7,0,h,-1183193,99,1141088320,3,2,0,264,4290
7,0,h,-1183161,99,67346496,3,2,0,264,4290
7,0,h,-1159191,99,1141108800,3,2,0,264,4290
7,0,h,-1159171,99,67366976,3,2,0,264,4290
7,0,h,-1155191,99,1141088320,3,2,0,264,4290
7,0,h,-1155172,99,67346496,3,2,0,264,4290
7,0,h,-1141185,99,1141108800,3,2,0,264,4290
7,0,h,-1136981,99,1141108800,3,2,0,264,4290
7,0,h,-1135195,99,1141088320,3,2,0,264,4290
7,0,h,-1135176,99,67346496,3,2,0,264,4290
7,0,h,-1129184,99,1141108800,3,2,0,264,4290
7,0,h,-1129164,99,67366976,3,2,0,264,4290
7,0,h,-1126173,99,1141088320,3,2,0,264,4290
7,0,h,-1126155,99,67346496,3,2,0,264,4290
7,0,h,-1119209,99,1191419968,3,2,0,264,4290
7,0,h,-1116545,99,67346496,3,2,0,264,4290
7,0,h,-1113195,99,1141108800,3,2,0,264,4290
7,0,h,-1112966,99,1141108800,3,2,0,264,4290
7,0,h,-1110977,99,1141108800,3,2,0,264,4290
7,0,h,-1109189,99,1141088320,3,2,0,264,4290
7,0,h,-1109168,99,67346496,3,2,0,264,4290
7,0,h,-1102191,99,1141108800,3,2,0,264,4290
7,0,h,-1102153,99,67366976,3,2,0,264,4290
7,0,h,-1099185,99,1141088320,3,2,0,264,4290
7,0,h,-1099167,99,67346496,3,2,0,264,4290
7,0,h,-1069210,99,67366976,3,2,0,264,4290
7,0,h,-1066191,99,1141088320,3,2,0,264,4290
7,0,h,-1066166,99,67346496,3,2,0,264,4290
7,0,h,-1038179,99,1141108800,3,2,0,264,4290
7,0,h,-1038070,99,67366976,3,2,0,264,4290
7,0,h,-1035188,99,1141088320,3,2,0,264,4290
7,0,h,-1035169,99,67346496,3,2,0,264,4290
7,0,h,-960208,99,67366976,3,2,0,264,4290
7,0,h,-959960,99,1141108800,3,2,0,264,4290
7,0,h,-952118,99,67366976,3,2,0,264,4290
7,0,h,-949179,99,1141088320,3,2,0,264,4290
7,0,h,-949142,99,67346496,3,2,0,264,4290
7,0,h,-857209,99,67305536,3,2,0,264,4290
7,0,h,-854991,99,1191379008,3,2,0,264,4290
7,0,h,-852415,99,1141047360,3,2,0,264,4290
7,0,h,-849778,99,1141059632,3,2,0,264,4290
7,0,h,-846182,99,1141080112,3,2,0,264,4290
7,0,h,-842831,99,1141080112,3,2,0,264,4290
7,0,h,-841173,99,67338288,3,2,0,264,4290
7,0,h,-837010,99,67338288,3,2,0,264,4290
7,0,h,-835359,99,67338288,3,2,0,264,4290
7,0,h,-830998,99,1141059632,3,2,0,264,4290
7,0,h,-830984,99,67317808,3,2,0,264,4290
7,0,h,-810982,99,1141080112,3,2,0,264,4290
7,0,h,-805484,99,67338288,3,2,0,264,4290
7,0,h,-802975,99,1141059632,3,2,0,264,4290
7,0,h,-802939,99,67317808,3,2,0,264,4290
7,0,h,-750993,98,1174614064,3,2,0,264,4257
7,0,h,-748543,98,1308819712,3,2,0,264,4257
7,0,h,-735983,98,201523456,3,2,0,264,4257
7,0,h,-726013,98,67305520,3,2,0,264,4257
7,0,h,-720948,98,1141047344,3,2,0,264,4257
7,0,h,-718218,98,1141059632,3,2,0,264,4257
7,0,h,-717842,98,1141059632,3,2,0,264,4257
7,0,h,-716301,98,1141080112,3,2,0,264,4257
7,0,h,-716275,98,1141080112,3,2,0,264,4257
7,0,h,-713155,98,67338288,3,2,0,264,4257
7,0,h,-705985,98,1141059632,3,2,0,264,4257
7,0,h,-705964,98,1141059632,3,2,0,264,4257
7,0,h,-702577,98,67338288,3,2,0,264,4257
7,0,h,-695988,98,1141059632,3,2,0,264,4257
7,0,h,-695970,98,67317808,3,2,0,264,4257
7,0,h,-684009,98,1141080112,3,2,0,264,4257
7,0,h,-679646,98,1141108784,3,2,0,264,4257
7,0,h,-679612,98,67366960,3,2,0,264,4257
7,0,h,-674985,98,1141059632,3,2,0,264,4257
7,0,h,-674960,98,67317808,3,2,0,264,4257
7,0,h,-569993,98,1191391280,3,2,0,264,4257
7,0,h,-567264,98,67317808,3,2,0,264,4257
7,0,h,-461006,98,67338288,3,2,0,264,4257
7,0,h,-454985,98,1141059632,3,2,0,264,4257
7,0,h,-454967,98,67317808,3,2,0,264,4257
7,0,h,-438987,98,1141080112,3,2,0,264,4257
7,0,h,-438968,98,1141080112,3,2,0,264,4257
7,0,h,-435717,98,67338288,3,2,0,264,4257
7,0,h,-432011,98,67317808,3,2,0,264,4257
7,0,h,-249009,98,1191391280,3,2,0,264,4257
7,0,h,-246301,98,67317808,3,2,0,264,4257
7,0,h,-227991,98,1142108208,3,2,0,264,4257
7,0,h,-225863,98,1142128672,3,2,0,264,4257
7,0,h,-223282,98,1142128688,3,2,0,264,4257
7,0,h,-221042,98,1142128672,3,2,0,264,4257
7,0,h,-216640,98,1142108176,3,2,0,264,4257
7,0,h,-214323,98,1142108160,3,2,0,264,4257
7,0,h,-211911,98,1276313856,3,2,0,264,4257
7,0,h,-196146,98,1142136896,3,2,0,264,4257
7,0,h,-194588,98,1142095936,3,2,0,264,4257
7,0,h,-192587,98,1142358080,3,2,0,264,4257
7,0,h,-190371,98,1141309504,3,2,0,264,4257
7,0,h,-167900,98,1141370944,3,2,0,264,4257
7,0,h,-162932,98,1142157376,3,2,0,264,4257
7,0,h,-159016,98,67366976,3,2,0,264,4257
7,0,h,-152793,98,1141088320,3,2,0,264,4257
7,0,h,-152778,98,67346496,3,2,0,264,4257
7,0,h,-150680,98,1174642752,3,2,0,264,4257
7,0,h,-150605,98,67346496,3,2,0,264,4257
7,0,h,-146195,98,1141088320,3,2,0,264,4257
7,0,h,-143559,98,67366976,3,2,0,264,4257
7,0,h,-143031,98,1141108800,3,2,0,264,4257
7,0,h,-139351,98,67366976,3,2,0,264,4257
7,0,h,-137186,98,67346496,3,2,0,264,4257
7,0,h,-135561,98,67346496,3,2,0,264,4257
7,0,h,-132730,98,1141108800,3,2,0,264,4257
7,0,h,-132715,98,67366976,3,2,0,264,4257
7,0,h,-129127,98,1141088320,3,2,0,264,4257
7,0,h,-128641,98,67346496,3,2,0,264,4257
7,0,h,-113200,98,1141088320,3,2,0,264,4257
7,0,h,-109402,98,67346496,3,2,0,264,4257
7,0,h,-107198,98,67366976,3,2,0,264,4257
7,0,h,-104533,98,1141088320,3,2,0,264,4257
7,0,h,-100838,98,67346496,3,2,0,264,4257
7,0,h,-94202,98,1141088320,3,2,0,264,4257
7,0,h,-90665,98,1191419968,3,2,0,264,4257
7,0,h,-88012,98,67346496,3,2,0,264,4257
7,0,h,-31201,98,67366976,3,2,0,264,4257
7,0,h,-30665,98,1191440448,3,2,0,264,4257
7,0,h,-28019,98,67366976,3,2,0,264,4257
7,0,h,-25184,98,1141088320,3,2,0,264,4257
7,0,h,-25171,97,67346496,3,2,0,292,4208
7,0,h,-15198,97,1142136896,3,2,0,292,4208
7,0,h,-10867,97,1142681664,2,2,2,293,4250
7,0,h,-7403,97,1142661184,2,2,2,293,4250
7,0,i,uid,1000,com.android.settings
7,0,i,uid,1000,com.android.location.fused
7,0,i,uid,1000,com.android.providers.settings
7,0,i,uid,1000,com.android.inputdevices
7,0,i,uid,1000,android
7,0,i,uid,1000,com.android.keychain
7,0,i,uid,1000,com.lge.SprintHiddenMenu
7,0,i,uid,1001,com.android.phone
7,0,i,uid,1001,com.redbend.vdmc
7,0,i,uid,1001,com.android.providers.telephony
7,0,i,uid,1001,com.qualcomm.qcrilmsgtunnel
7,0,i,uid,1001,com.android.stk
7,0,i,uid,1001,com.qualcomm.shutdownlistner
7,0,i,uid,1027,com.android.nfc
7,0,i,uid,2000,com.android.shell
7,0,i,uid,10001,com.android.providers.calendar
7,0,i,uid,10003,com.android.contacts
7,0,i,uid,10003,com.android.providers.userdictionary
7,0,i,uid,10003,com.android.providers.contacts
7,0,i,uid,10005,com.android.providers.downloads.ui
7,0,i,uid,10005,com.android.providers.media
7,0,i,uid,10005,com.android.providers.downloads
7,0,i,uid,10007,com.google.android.gsf.login
7,0,i,uid,10007,com.google.android.gms
7,0,i,uid,10007,com.google.android.backuptransport
7,0,i,uid,10007,com.google.android.gsf
7,0,i,uid,10007,com.google.android.syncadapters.contacts
7,0,i,uid,10008,com.google.android.dialer
7,0,i,uid,10011,com.google.android.partnersetup
7,0,i,uid,10012,com.android.systemui
7,0,i,uid,10012,com.android.keyguard
7,0,i,uid,10014,com.google.android.googlequicksearchbox
7,0,i,uid,10016,com.android.vending
7,0,i,uid,10028,com.google.android.calendar
7,0,i,uid,10031,com.android.chrome
7,0,i,uid,10034,com.google.android.deskclock
7,0,i,uid,10039,com.google.android.gallery3d
7,0,i,uid,10040,com.google.android.apps.genie.geniewidget
7,0,i,uid,10041,com.google.android.gm
7,0,i,uid,10050,com.google.android.talk
7,0,i,uid,10052,com.google.android.keep
7,0,i,uid,10054,com.google.android.inputmethod.latin
7,0,i,uid,10058,com.google.android.apps.magazines
7,0,i,uid,10064,com.google.android.apps.plus
7,0,i,uid,10068,com.qualcomm.timeservice
7,0,i,uid,10083,com.google.android.apps.bazaar
7,0,i,uid,10084,com.imangi.templerun2
7,0,i,uid,10086,com.google.android.apps.unveil
7,0,i,uid,10094,com.google.android.apps.chrome_dev
7,0,i,uid,10095,com.google.android.apps.googlevoice
7,0,i,uid,10102,com.devhd.feedly
7,0,i,uid,10104,com.google.android.apps.enterprise.dmagent
7,0,i,uid,10109,com.google.android.apps.modis
7,0,i,uid,10113,eu.chainfire.supersu
7,0,i,uid,10115,com.klye.ime.latin
7,0,i,uid,10116,com.thinkleft.eightyeightsms.mms
7,0,i,uid,10117,eu.chainfire.adbd
7,0,t,bt,0,2979420,648314,239080785,48700602
7,0,t,m,75261,30546,2979420,2979420,0,373020,223295,0,0,8041000,408886040,0
7,0,t,br,75261,0,0,0,0
7,0,t,sgt,40728,2239,6720,603945,2325788
7,0,t,sst,38267
7,0,t,sgc,2,1,2,3,1
7,0,t,dct,81398,0,0,535888,0,0,0,0,65681,0,2038815,0,0,0,0,257638,0
7,0,t,dcc,4,0,0,10,0,0,0,0,8,0,54,0,0,0,0,54,0
7,0,t,dc,2,3,0,3
7,0,t,kwl,ipc0000000f_time_daemon,2,9
7,0,t,kwl,ipc000000d2_sensors.qcom,0,0
7,0,t,kwl,ipc000002d2_sensors.qcom,0,0
7,0,t,kwl,ssr(modem)  ,0,0
7,0,t,kwl,ipc0000032a_sensors.qcom,0,0
7,0,t,kwl,ipc00001369_sensors.qcom,0,0
7,0,t,kwl,qpnp-vadc-ee167c00,1998,397
7,0,t,kwl,ipc00000018_rild,0,0
7,0,t,kwl,ipc0000070a_sensors.qcom,0,0
7,0,t,kwl,ipc000001c1_sensors.qcom,0,0
7,0,t,kwl,ipc00001709_sensors.qcom,0,0
7,0,t,kwl,ipc000001fc_sensors.qcom,0,0
7,0,t,kwl,ipc0000002e_sensors.qcom,3,9
7,0,t,kwl,SensorService,0,1
7,0,t,kwl,msm_tsens_lock,0,0
7,0,t,kwl,ssr(adsp)   ,0,0
7,0,t,kwl,ipc000004f4_sensors.qcom,0,0
7,0,t,kwl,power-supply,92,4
7,0,t,kwl,icl_wake_lock,0,0
7,0,t,kwl,ipc0000135f_sensors.qcom,0,0
7,0,t,kwl,ipc000004d9_sensors.qcom,0,0
7,0,t,kwl,ipc0000001f_thermal-engine-,0,0
7,0,t,kwl,ipc00000cc4_sensors.qcom,0,0
7,0,t,kwl,ipc00000010_time_daemon,0,0
7,0,t,kwl,ipc000004f2_sensors.qcom,0,0
7,0,t,kwl,ipc00000f54_sensors.qcom,0,0
7,0,t,kwl,ipc00001576_sensors.qcom,0,0
7,0,t,kwl,ipc000002d3_sensors.qcom,0,0
7,0,t,kwl,ipc000011ba_sensors.qcom,0,0
7,0,t,kwl,ipc0000003c_sensors.qcom,4,9
7,0,t,kwl,ipc00000e1d_sensors.qcom,0,0
7,0,t,kwl,ipc0000119a_sensors.qcom,0,0
7,0,t,kwl,ipc0000070f_sensors.qcom,0,0
7,0,t,kwl,ipc00000cc5_sensors.qcom,0,0
7,0,t,kwl,ipc0000155d_sensors.qcom,0,0
7,0,t,kwl,event1-802  ,99,1723
7,0,t,kwl,bq24192     ,0,0
7,0,t,kwl,ipc0000001d_time_daemon,0,6
7,0,t,kwl,qpnp-iadc-ee167e00,638,134
7,0,t,kwl,ipc000001c4_sensors.qcom,0,0
7,0,t,kwl,wlan_rx_wake,9901,20
7,0,t,kwl,ipc00000022_thermal-engine-,0,9
7,0,t,kwl,ipc00000092_sensors.qcom,0,0
7,0,t,kwl,ipc00000cc2_sensors.qcom,0,0
7,0,t,kwl,smdcntl5    ,0,0
7,0,t,kwl,wlan_wake   ,2932,1270
7,0,t,kwl,bam_dmux_wakelock,327642,97
7,0,t,kwl,ipc0000155f_sensors.qcom,0,0
7,0,t,kwl,ipc0000147b_sensors.qcom,0,0
7,0,t,kwl,ipc00001577_sensors.qcom,0,0
7,0,t,kwl,ipc00000e1a_sensors.qcom,0,0
7,0,t,kwl,msm_serial_hs_dma,0,0
7,0,t,kwl,event0-802  ,9496,144
7,0,t,kwl,smdcntl4    ,0,0
7,0,t,kwl,ipc0000003b_sensors.qcom,0,0
7,0,t,kwl,ipc0000032b_sensors.qcom,0,0
7,0,t,kwl,ipc000002d5_sensors.qcom,0,0
7,0,t,kwl,ipc000001fd_sensors.qcom,0,0
7,0,t,kwl,rmt_storage_-1222467888,123,2
7,0,t,kwl,smsm_snapshot,0,0
7,0,t,kwl,qmi1        ,0,0
7,0,t,kwl,ipc0000172d_sensors.qcom,0,0
7,0,t,kwl,ipc0000000d_thermal-engine-,0,9
7,0,t,kwl,ipc0000172e_sensors.qcom,0,0
7,0,t,kwl,smdcntl1    ,6054,175
7,0,t,kwl,ipc00000095_sensors.qcom,0,0
7,0,t,kwl,rmt_storage_-1222467040,219,3
7,0,t,kwl,ipc00001368_sensors.qcom,0,0
7,0,t,kwl,ipc00000034_sensors.qcom,3,9
7,0,t,kwl,ipc000004f3_sensors.qcom,0,0
7,0,t,kwl,ipc0000001b_rild,0,0
7,0,t,kwl,ipc0000147c_sensors.qcom,0,0
7,0,t,kwl,mmc1_detect ,0,0
7,0,t,kwl,ipc000004d7_sensors.qcom,0,0
7,0,t,kwl,ipc0000000a_thermal-engine-,0,0
7,0,t,kwl,dofstrim    ,0,0
7,0,t,kwl,ipc00000a8e_sensors.qcom,0,0
7,0,t,kwl,ipc000001ff_sensors.qcom,0,0
7,0,t,kwl,ipc000001fe_sensors.qcom,0,0
7,0,t,kwl,ipc00000cc3_sensors.qcom,0,0
7,0,t,kwl,ipc00000f52_sensors.qcom,0,0
7,0,t,kwl,ipc000012a8_sensors.qcom,0,0
7,0,t,kwl,ipc00000036_sensors.qcom,3,9
7,0,t,kwl,smdcntl6    ,0,0
7,0,t,kwl,ipc00000ac9_sensors.qcom,0,0
7,0,t,kwl,ipc0000171d_sensors.qcom,2,4
7,0,t,kwl,ipc0000008a_sensors.qcom,4,9
7,0,t,kwl,ipc00000027_sensors.qcom,0,0
7,0,t,kwl,ipc00001366_sensors.qcom,0,0
7,0,t,kwl,ipc000003e3_sensors.qcom,0,0
7,0,t,kwl,radio-interface,158062,145
7,0,t,kwl,msm_serial_hs_rx,0,0
7,0,t,kwl,ipc00000097_sensors.qcom,0,0
7,0,t,kwl,ipc00000038_sensors.qcom,3,9
7,0,t,kwl,ipc000004f5_sensors.qcom,0,0
7,0,t,kwl,ipc000004ce_sensors.qcom,0,0
7,0,t,kwl,ipc000011bb_sensors.qcom,0,0
7,0,t,kwl,ipc0000003a_sensors.qcom,3,9
7,0,t,kwl,ipc00000098_sensors.qcom,0,0
7,0,t,kwl,ipc000004d6_sensors.qcom,0,0
7,0,t,kwl,ipc00000023_sensors.qcom,0,0
7,0,t,kwl,ipc00001708_sensors.qcom,0,0
7,0,t,kwl,ipc000001da_sensors.qcom,0,0
7,0,t,kwl,ipc00000017_sensors.qcom,0,0
7,0,t,kwl,ipc00001407_sensors.qcom,0,0
7,0,t,kwl,ipc00001367_sensors.qcom,0,0
7,0,t,kwl,ipc000000d3_sensors.qcom,0,0
7,0,t,kwl,ipc00000673_sensors.qcom,0,0
7,0,t,kwl,ipc00000033_sensors.qcom,0,0
7,0,t,kwl,smdcntl3    ,0,0
7,0,t,kwl,ipc0000000b_thermal-engine-,1,9
7,0,t,kwl,ipc0000003f_sensors.qcom,0,0
7,0,t,kwl,smdcntl2    ,0,0
7,0,t,kwl,ipc0000003e_sensors.qcom,3,9
7,0,t,kwl,ipc00000030_sensors.qcom,3,9
7,0,t,kwl,ipc00001572_sensors.qcom,0,0
7,0,t,kwl,ipc00000e1c_sensors.qcom,0,0
7,0,t,kwl,ipc00000004_rmt_storage,0,9
7,0,t,kwl,qcril       ,421,214
7,0,t,kwl,ipc000000a9_Loc_hal_worker,6,9
7,0,t,kwl,ipc00000f53_sensors.qcom,0,0
7,0,t,kwl,ipc0000000e_time_daemon,0,0
7,0,t,kwl,ipc00000aca_sensors.qcom,0,0
7,0,t,kwl,alarm       ,0,0
7,0,t,kwl,ipc0000170a_sensors.qcom,0,0
7,0,t,kwl,ipc00000a8f_sensors.qcom,0,0
7,0,t,kwl,ipc0000171f_sensors.qcom,0,0
7,0,t,kwl,ipc00000029_sensors.qcom,0,0
7,0,t,kwl,event2-802  ,778,146
7,0,t,kwl,ipc00000328_sensors.qcom,0,0
7,0,t,kwl,ipc000011b6_sensors.qcom,0,0
7,0,t,kwl,ipc000011b8_sensors.qcom,0,0
7,0,t,kwl,ipc00000096_sensors.qcom,0,0
7,0,t,kwl,slimport_wake_lock,0,0
7,0,t,kwl,pil-adsp    ,0,0
7,0,t,kwl,ipc00000a91_sensors.qcom,0,0
7,0,t,kwl,ipc_rtr_smd_ipcrtr,1,50
7,0,t,kwl,ipc0000002c_sensors.qcom,3,9
7,0,t,kwl,ipc000004f6_sensors.qcom,0,0
7,0,t,kwl,ipc00000013_sensors.qcom,1,8
7,0,t,kwl,ipc00000021_thermal-engine-,0,0
7,0,t,kwl,ipc000003e5_sensors.qcom,0,0
7,0,t,kwl,ipc00000674_sensors.qcom,0,0
7,0,t,kwl,ipc0000135d_sensors.qcom,0,0
7,0,t,kwl,ipc000001d7_sensors.qcom,0,0
7,0,t,kwl,ipc_rtr_q6_ipcrtr,35,2616
7,0,t,kwl,ipc000000a8_Loc_hal_worker,0,0
7,0,t,kwl,ipc0000001c_rild,2,9
7,0,t,kwl,PowerManagerService.Broadcasts,3143,8
7,0,t,kwl,ipc000004d8_sensors.qcom,0,0
7,0,t,kwl,ipc000001c0_sensors.qcom,0,0
7,0,t,kwl,ipc00000089_sensors.qcom,1,16
7,0,t,kwl,ipc0000119b_sensors.qcom,0,0
7,0,t,kwl,ipc00000028_sensors.qcom,2,9
7,0,t,kwl,pil-venus   ,0,0
7,0,t,kwl,ipc0000001e_time_daemon,3,9
7,0,t,kwl,ipc00000f55_sensors.qcom,0,0
7,0,t,kwl,ipc0000070d_sensors.qcom,0,0
7,0,t,kwl,ipc00001361_sensors.qcom,0,0
7,0,t,kwl,qmuxd_port_wl_0,64,923
7,0,t,kwl,qmuxd_port_wl_1,19,176
7,0,t,kwl,ipc00000e1b_sensors.qcom,0,0
7,0,t,kwl,ipc00001547_sensors.qcom,0,0
7,0,t,kwl,ipc00000020_thermal-engine-,0,9
7,0,t,kwl,ipc00000019_rild,2,9
7,0,t,kwl,qmuxd_port_wl_4,0,0
7,0,t,kwl,ipc0000147a_sensors.qcom,0,0
7,0,t,kwl,qmuxd_port_wl_5,0,0
7,0,t,kwl,qmuxd_port_wl_2,0,0
7,0,t,kwl,qmuxd_port_wl_3,0,0
7,0,t,kwl,ipc00001560_sensors.qcom,0,0
7,0,t,kwl,qmuxd_port_wl_7,0,0
7,0,t,kwl,qmuxd_port_wl_6,0,0
7,0,t,kwl,ipc0000172c_sensors.qcom,0,0
7,0,t,kwl,ipc000003e4_sensors.qcom,0,0
7,0,t,kwl,ipc000001d6_sensors.qcom,0,0
7,0,t,kwl,bq24192irq  ,2598,2
7,0,t,kwl,ipc00000035_sensors.qcom,0,0
7,0,t,kwl,qpnp-rtc-ee167a00,0,0
7,0,t,kwl,ipc00000024_sensors.qcom,2,9
7,0,t,kwl,ipc00001409_sensors.qcom,0,0
7,0,t,kwl,PowerManagerService.Display,75555,6
7,0,t,kwl,ipc00001546_sensors.qcom,0,0
7,0,t,kwl,extra_chg_lock,0,0
7,0,t,kwl,ipc000001c3_sensors.qcom,0,0
7,0,t,kwl,ipc0000147d_sensors.qcom,0,0
7,0,t,kwl,ipc0000000c_thermal-engine-,0,0
7,0,t,kwl,ipc0000009c_sensors.qcom,4,9
7,0,t,kwl,ipc00001003_sensors.qcom,0,0
7,0,t,kwl,ipc00001002_sensors.qcom,0,0
7,0,t,kwl,ipc0000002f_sensors.qcom,0,0
7,0,t,kwl,qpnp-chg-eoc-lock,0,0
7,0,t,kwl,KeyEvents   ,143,1903
7,0,t,kwl,ipc00001001_sensors.qcom,0,0
7,0,t,kwl,ipc00000085_sensors.qcom,0,0
7,0,t,kwl,event3-802  ,763,146
7,0,t,kwl,NFCWAKE     ,0,0
7,0,t,kwl,ipc00001561_sensors.qcom,0,0
7,0,t,kwl,qpnp-charger-ee167400,0,0
7,0,t,kwl,ipc0000171a_sensors.qcom,73,1338
7,0,t,kwl,ipc00000093_sensors.qcom,0,0
7,0,t,kwl,ipc00001573_sensors.qcom,0,0
7,0,t,kwl,ipc00000094_sensors.qcom,0,0
7,0,t,kwl,ipc000002d4_sensors.qcom,0,0
7,0,t,kwl,ipc00000acb_sensors.qcom,0,0
7,0,t,kwl,smdcntl0    ,752,900
7,0,t,kwl,ipc00001545_sensors.qcom,0,0
7,0,t,kwl,event5-802  ,0,0
7,0,t,kwl,ipc0000171c_sensors.qcom,0,2
7,0,t,kwl,ipc000004d0_sensors.qcom,0,0
7,0,t,kwl,ipc0000170b_sensors.qcom,0,0
7,0,t,kwl,ear_hook    ,0,0
7,0,t,kwl,ipc00000014_sensors.qcom,2,9
7,0,t,kwl,ipc00000007_thermal-engine-,0,0
7,0,t,kwl,ipc000001d9_sensors.qcom,0,0
7,0,t,kwl,pil-mba     ,0,0
7,0,t,kwl,alarm_rtc   ,0,0
7,0,t,kwl,ipc000011b7_sensors.qcom,0,0
7,0,t,kwl,ipc00000032_sensors.qcom,3,9
7,0,t,kwl,ipc00000a90_sensors.qcom,0,0
7,0,t,kwl,ipc00000003_rmt_storage,335,5
7,0,t,kwl,ipc00000675_sensors.qcom,0,0
7,0,t,kwl,ipc00001544_sensors.qcom,0,0
7,0,t,kwl,ipc000004d1_sensors.qcom,0,0
7,0,t,kwl,ipc000012a6_sensors.qcom,0,0
7,0,t,kwl,ipc0000119d_sensors.qcom,0,0
7,0,t,kwl,ipc0000171b_sensors.qcom,2,4
7,0,t,kwl,ipc0000009b_sensors.qcom,0,0
7,0,t,kwl,ipc00000091_sensors.qcom,0,0
7,0,t,kwl,ipc0000171e_sensors.qcom,0,0
7,0,t,kwl,ipc00001575_sensors.qcom,0,0
7,0,t,kwl,qmi0        ,0,0
7,0,t,kwl,ipc0000002d_sensors.qcom,0,0
7,0,t,kwl,msm_dwc3    ,0,0
7,0,t,kwl,ipc0000070b_sensors.qcom,0,0
7,0,t,kwl,ipc00000031_sensors.qcom,0,0
7,0,t,kwl,ipc0000070c_sensors.qcom,0,0
7,0,t,kwl,ipc000000a4_Loc_hal_worker,2,27
7,0,t,kwl,wlan_wd_wake,17166,145
7,0,t,kwl,ipc000001db_sensors.qcom,0,0
7,0,t,kwl,ipc00001574_sensors.qcom,0,0
7,0,t,kwl,ipc00000088_sensors.qcom,4,9
7,0,t,kwl,mmc0_detect ,0,0
7,0,t,kwl,ipc00000039_sensors.qcom,0,0
7,0,t,kwl,pil-modem   ,0,0
7,0,t,kwl,taiko-slim-pgd,0,0
7,0,t,kwl,ipc000004cf_sensors.qcom,0,0
7,0,t,kwl,ssr(venus)  ,0,0
7,0,t,kwl,ipc00001360_sensors.qcom,0,0
7,0,t,kwl,ipc00000086_sensors.qcom,4,9
7,0,t,kwl,ipc0000119c_sensors.qcom,0,0
7,0,t,kwl,ipc00001718_sensors.qcom,16,156
7,0,t,kwl,ipc000000a5_Loc_hal_worker,6,9
7,0,t,kwl,smdcntl7    ,0,0
7,0,t,kwl,ipc000001c5_sensors.qcom,0,0
7,0,t,kwl,ipc00000037_sensors.qcom,0,0
7,0,t,kwl,ipc0000002a_sensors.qcom,3,9
7,0,t,kwl,ipc00000011_sensors.qcom,1,16
7,0,t,kwl,bluesleep   ,0,0
7,0,t,kwl,mmc0        ,0,0
7,0,t,kwl,ipc0000155e_sensors.qcom,0,0
7,0,t,kwl,ipc0000008d_sensors.qcom,0,0
7,0,t,kwl,ipc00001408_sensors.qcom,0,0
7,0,t,kwl,ipc000000d4_sensors.qcom,0,0
7,0,t,kwl,ipc000012a9_sensors.qcom,0,0
7,0,t,kwl,ipc000001c2_sensors.qcom,0,0
7,0,t,kwl,ipc0000070e_sensors.qcom,0,0
7,0,t,kwl,ipc000001d8_sensors.qcom,0,0
7,0,t,kwl,max17048_alert,2166,120
7,0,t,kwl,ipc000000d5_sensors.qcom,0,0
7,0,t,kwl,PowerManagerService.WakeLocks,410589,457
7,0,t,kwl,ipc00001719_sensors.qcom,2,4
7,0,t,kwl,ipc00000672_sensors.qcom,0,0
7,0,t,kwl,ipc00001406_sensors.qcom,0,0
7,0,t,kwl,ipc000003e2_sensors.qcom,0,0
7,0,t,kwl,ipc00001000_sensors.qcom,0,0
7,0,t,kwl,batt_tm_wake_lock,0,0
7,0,t,kwl,qpnp-power-on-ee166800,0,0
7,0,t,kwl,qmi2        ,0,0
7,0,t,kwl,ipc0000002b_sensors.qcom,0,0
7,0,t,kwl,ipc000000a3_Loc_hal_worker,0,0
7,0,t,kwl,ipc0000172f_sensors.qcom,0,0
7,0,t,kwl,ipc000004f7_sensors.qcom,0,0
7,0,t,kwl,ipc0000135e_sensors.qcom,0,0
7,0,t,kwl,gpio_keys.70,0,0
7,0,t,kwl,ipc00000ac8_sensors.qcom,0,0
7,0,t,kwl,wlan_ctrl_wake,44010,51
7,0,t,kwl,ipc00000012_sensors.qcom,2,9
7,0,t,kwl,ipc000011b9_sensors.qcom,0,0
7,0,t,kwl,ipc0000001a_rild,0,0
7,0,t,kwl,ipc0000135c_sensors.qcom,0,0
7,0,t,kwl,ipc000012a7_sensors.qcom,0,0
7,0,t,kwl,ipc00000002_kworker/2:0,1,16
7,0,t,kwl,ipc0000003d_sensors.qcom,0,0
7,0,t,kwl,ipc00000087_sensors.qcom,0,0
7,0,t,kwl,ipc0000155c_sensors.qcom,0,0
7,0,t,kwl,ipc00000040_sensors.qcom,3,9
7,0,t,kwl,ipc00000329_sensors.qcom,0,0
7,0,t,kwl,event4-802  ,711,146
7,0,t,nt,6693,9642,0,0
7,0,t,pr,thermal-engine-hh,0,130,0,0
7,0,t,pr,vold,10,10,0,0
7,0,t,pr,daemonsu:10113,0,10,0,0
7,0,t,pr,kworker/u:3,0,500,0,0
7,0,t,pr,jbd2/mmcblk0p25,0,10,0,0
7,0,t,pr,kworker/u:5,0,11360,0,0
7,0,t,pr,jbd2/mmcblk0p27,0,10,0,0
7,0,t,pr,daemonsu:10117,0,20,0,0
7,0,t,pr,kthreadd,0,90,0,0
7,0,t,pr,jbd2/mmcblk0p28,0,200,0,0
7,0,t,pr,irq/170-msm_sdc,0,40,0,0
7,0,t,pr,kworker/0:3H,0,120,0,0
7,0,t,pr,kworker/0:0,0,320,0,0
7,0,t,pr,kworker/u:0,10,480,0,0
7,0,t,pr,kworker/0:1,0,480,0,0
7,0,t,pr,kworker/u:2,0,230,0,0
7,0,t,pr,kworker/0:2,30,470,0,0
7,0,t,pr,kworker/0:3,0,380,0,0
7,0,t,pr,kworker/u:1,30,220,0,0
7,0,t,pr,ngd_msm_ctrl_ng,0,10,0,0
7,0,t,pr,daemonsu:mount:master,0,20,0,0
7,0,t,pr,irq/362-s3350,0,540,0,0
7,0,t,pr,bdi-default,0,190,0,0
7,0,t,pr,daemonsu:master,0,30,0,0
7,0,t,pr,debuggerd,0,140,0,0
7,0,t,pr,kworker/1:1H,0,50,0,0
7,0,t,pr,ueventd,0,10,0,0
7,0,t,pr,mdss_fb0,0,370,0,0
7,0,t,pr,jbd2/mmcblk0p16,0,10,0,0
7,0,t,pr,dhd_watchdog_th,0,70,0,0
7,0,t,pr,wl_event_handle,0,50,0,0
7,0,t,pr,irq/288-wcd9xxx,0,10,0,0
7,0,t,pr,kworker/0:2H,0,550,0,0
7,0,t,pr,kswapd0,0,140,0,0
7,0,t,pr,/init,50,60,0,0
7,0,t,pr,ksoftirqd/0,0,650,0,0
7,0,t,pr,ksoftirqd/1,0,80,0,0
7,0,t,pr,kworker/1:0H,30,20,0,0
7,0,t,pr,mpdecision,230,2540,0,0
7,0,t,pr,mmcqd/1,0,1250,0,0
7,0,t,pr,kworker/0:1H,30,490,0,0
7,0,t,pr,netd,60,1090,0,0
7,0,t,pr,zygote,500,420,0,0
7,0,t,pr,dbs_sync/1,0,40,0,0
7,0,t,pr,dbs_sync/0,0,40,0,0
7,0,t,pr,flush-179:0,0,140,0,0
7,0,t,pr,dbs_sync/3,0,20,0,0
7,0,t,pr,dbs_sync/2,0,20,0,0
7,0,t,pr,healthd,0,40,0,0
7,0,t,pr,kworker/u:0H,0,1510,0,0
7,0,t,pr,kworker/0:0H,20,50,0,0
7,0,t,pr,sync_supers,10,0,0,0
7,0,t,pr,dhd_dpc,0,640,0,0
7,1000,t,nt,11065,3470,0,0
7,0,t,ua,14,4,43
7,1000,t,wl,GpsLocationProvider,0,f,0,310,p,16,0,w,0
7,1000,t,wl,SyncManagerHandleSyncAlarm,0,f,0,102,p,21,0,w,0
7,1000,t,wl,WifiSuspend,0,f,0,118,p,4,0,w,0
7,1000,t,wl,NetworkStats,0,f,0,554,p,21,0,w,0
7,1000,t,wl,LocationManagerService,0,f,0,179,p,19,0,w,0
7,1000,t,wl,ActivityManager-Launch,0,f,0,1681,p,11,0,w,0
7,1000,t,wl,NlpWakeLock,0,f,0,72,p,39,0,w,0
7,1000,t,wl,*vibrator*,0,f,0,32,p,4,0,w,0
7,1000,t,wl,*backup*,0,f,0,5,p,1,0,w,0
7,1000,t,wl,AlarmManager,0,f,0,2814,p,67,0,w,0
7,1000,t,wl,ActivityManager-Sleep,0,f,0,24,p,2,0,w,0
7,1000,t,wl,SyncLoopWakeLock,0,f,0,673,p,123,0,w,0
7,1000,t,sr,0,79416,5
7,1000,t,sr,31,30343,1
7,1000,t,vib,20,4
7,1000,t,pr,qseecomd,0,10,0,0
7,1000,t,pr,time_daemon,0,20,0,0
7,1000,t,pr,surfaceflinger,1680,2090,0,0
7,1000,t,pr,system_server,25100,10550,0,0
7,1000,t,pr,servicemanager,0,160,0,0
7,1001,t,wl,PhoneApp,5529,f,1,0,p,0,0,w,0
7,1001,t,wl,GsmConnection,0,f,0,9631,p,1,0,w,0
7,1001,t,wl,ServiceStateTracker,0,f,0,5,p,2,0,w,0
7,1001,t,wl,AudioMix,0,f,0,145,p,1,0,w,0
7,1001,t,wl,AlarmManager,0,f,0,8,p,6,0,w,0
7,1001,t,wl,RILJ,0,f,0,13125,p,508,0,w,0
7,1001,t,fg,3129,5
7,1001,t,pr,rild,980,710,0,0
7,1001,t,pr,qmuxd,60,160,0,0
7,1001,t,pr,com.qualcomm.qcrilmsgtunnel,30,10,0,0
7,1001,t,pr,com.redbend.vdmc,170,30,0,0
7,1001,t,pr,*wakelock*,5950,1580,0,0
7,1001,t,pr,bridgemgrd,30,10,0,0
7,1001,t,pr,netmgrd,0,160,0,0
7,1001,t,pr,com.android.phone,2500,1080,220,0
7,1010,t,pr,wpa_supplicant,240,200,0,0
7,1013,t,wl,AudioIn,0,f,0,9,p,9,0,w,0
7,1013,t,wl,TimedEventQueue,0,f,0,268,p,3,0,w,0
7,1013,t,wl,AudioMix,0,f,0,12211,p,10,0,w,0
7,1013,t,pr,mediaserver,280,940,0,0
7,1017,t,pr,keystore,70,0,0,0
7,1023,t,pr,sdcard,0,20,0,0
7,1027,t,wl,NfcService:mRoutingWakeLock,0,f,0,1155,p,9,0,w,0
7,1027,t,pr,com.android.nfc,30,40,0,0
7,2000,t,pr,adbd,10,10,0,0
7,9999,t,pr,sensors.qcom,150,380,0,0
7,9999,t,pr,rmt_storage,0,140,0,0
7,10001,t,wl,AlarmManager,0,f,0,122,p,5,0,w,0
7,10001,t,wl,ScheduleNextAlarmWakeLock,0,f,0,407,p,5,0,w,0
7,10001,t,pr,com.android.providers.calendar,730,180,0,2
7,10001,t,apk,5,com.android.providers.calendar,com.android.providers.calendar.CalendarProviderIntentService,674,5,5
7,10001,t,apk,5,com.android.providers.calendar,com.android.providers.calendar.EmptyService,75154,4,4
7,10003,t,pr,android.process.acore,660,130,0,1
7,10003,t,pr,com.android.contacts,20,0,0,1
7,10003,t,apk,0,com.android.contacts,com.android.contacts.ViewNotificationService,223,1,1
7,10005,t,pr,android.process.media,8460,1150,0,0
7,10005,t,apk,0,com.android.providers.downloads,com.android.providers.downloads.DownloadService,8082,7,7
7,10005,t,apk,0,com.android.providers.media,com.android.providers.media.MtpService,0,1,1
7,10007,t,nt,81978,51775,0,0
7,10007,t,wfl,47112000,30187000,0
7,10007,t,wl,NlpWakeLock,0,f,0,28024,p,97,0,w,0
7,10007,t,wl,*sync*/com.google.android.gms.people/com.google/qsr@google.com,0,f,0,10960,p,1,0,w,0
7,10007,t,wl,Checkin Handoff,0,f,0,29,p,21,0,w,0
7,10007,t,wl,GCM_LIB,0,f,0,293,p,27,0,w,0
7,10007,t,wl,GCM_CONN_ALARM,0,f,0,6822,p,6,0,w,0
7,10007,t,wl,Wakeful StateMachine: GeofencerStateMachine,0,f,0,13,p,9,0,w,0
7,10007,t,wl,Event Log Handoff,0,f,0,7,p,2,0,w,0
7,10007,t,wl,AlarmManager,0,f,0,91,p,19,0,w,0
7,10007,t,wl,SystemUpdateService,0,f,0,275,p,19,0,w,0
7,10007,t,wl,LocationManagerService,0,f,0,35,p,28,0,w,0
7,10007,t,wl,WakefulIntentService[GCoreUlr-LocationReportingService],0,f,0,421,p,1,0,w,0
7,10007,t,wl,Checkin Service,0,f,0,169,p,21,0,w,0
7,10007,t,wl,*sync*/com.android.contacts/com.google/qsr@google.com,0,f,0,413,p,1,0,w,0
7,10007,t,wl,UlrDispatchingService,0,f,0,1271,p,21,0,w,0
7,10007,t,wl,Icing,0,f,0,8665,p,26,0,w,0
7,10007,t,wl,*sync*/com.google.android.gms.people/com.google/benjamin.lerman@gmail.com,0,f,0,14686,p,2,0,w,0
7,10007,t,wl,GCoreFlp,0,f,0,221,p,76,0,w,0
7,10007,t,wl,NlpCollectorWakeLock,0,f,0,29922,p,9,0,w,0
7,10007,t,wl,GOOGLE_C2DM,0,f,0,311,p,33,0,w,0
7,10007,t,wl,Event Log Service,0,f,0,134,p,2,0,w,0
7,10007,t,wl,GTALK_IDLE_ALARM,0,f,0,4,p,2,0,w,0
7,10007,t,wl,GCM_CONN,0,f,0,1287,p,48,0,w,0
7,10007,t,sr,0,16956,7
7,10007,t,sr,30,2778904,0
7,10007,t,pr,com.google.process.gapps,1750,520,0,0
7,10007,t,pr,com.google.process.location,2620,470,0,0
7,10007,t,pr,*wakelock*,1250,940,0,0
7,10007,t,pr,com.google.android.gms,2340,760,0,0
7,10007,t,pr,com.google.android.gms.dg,0,10,0,1
7,10007,t,apk,0,com.google.android.gsf.login,com.google.android.gsf.loginservice.GoogleLoginService,0,0,40
7,10007,t,apk,3,com.google.android.gsf,com.google.android.gsf.subscribedfeeds.GCMIntentService,523,27,27
7,10007,t,apk,0,com.google.android.syncadapters.contacts,com.google.android.syncadapters.contacts.ContactsSyncAdapterService,0,0,1
7,10007,t,apk,0,com.google.android.syncadapters.contacts,com.google.android.syncadapters.contacts.SyncHighResPhotoIntentService,17,1,1
7,10007,t,apk,29,com.google.android.gms,com.google.android.gms.auth.be.GoogleAccountDataService,0,0,49
7,10007,t,apk,29,com.google.android.gms,com.google.android.gms.update.SystemUpdateService,787,20,20
7,10007,t,apk,29,com.google.android.gms,com.google.android.gms.init.InitializeIntentService,3,1,1
7,10007,t,apk,29,com.google.android.gms,com.google.android.gms.auth.GetToken,0,0,46
7,10007,t,apk,29,com.google.android.gms,com.google.android.gms.app.service.PackageBroadcastService,33,2,2
7,10007,t,apk,29,com.google.android.gms,com.google.android.gms.droidguard.DroidGuardService,0,0,2
7,10007,t,apk,29,com.google.android.gms,com.google.android.gms.people.service.PeopleRequestProcessor,354,11,11
7,10007,t,apk,29,com.google.android.gms,com.google.android.location.reporting.LocationReportingService,931,1,1
7,10007,t,apk,29,com.google.android.gms,com.google.android.gms.ads.identifier.service.AdvertisingIdService,0,0,43
7,10007,t,apk,29,com.google.android.gms,com.google.android.gms.icing.service.IndexService,0,0,19
7,10007,t,apk,29,com.google.android.gms,com.google.android.gms.icing.service.LightweightIndexService,0,0,20
7,10007,t,apk,29,com.google.android.gms,com.google.android.gms.games.service.GamesIntentService,107,3,3
7,10007,t,apk,29,com.google.android.gms,com.google.android.gms.playlog.uploader.UploaderIntentService,490,1,1
7,10007,t,apk,29,com.google.android.gms,com.google.android.gms.icing.service.IndexWorkerService,18129,26,26
7,10007,t,apk,29,com.google.android.gms,com.google.android.gms.people.sync.PeopleSyncService,0,0,3
7,10007,t,apk,29,com.google.android.gms,com.google.android.gms.people.service.bg.PeopleBackgroundTasks,18,2,2
7,10007,t,apk,29,com.google.android.gms,com.google.android.gms.checkin.CheckinService,656,21,21
7,10007,t,apk,29,com.google.android.gms,com.google.android.gms.people.service.PeopleService,0,0,2
7,10007,t,apk,29,com.google.android.gms,com.google.android.gms.checkin.EventLogService,148,2,2
7,10007,t,apk,29,com.google.android.gms,com.google.android.gms.mdm.services.NetworkQualityAndroidService,0,0,1
7,10007,t,apk,29,com.google.android.gms,com.google.android.gms.icing.service.LightweightIndexService$LightweightWorkerService,141,29,29
7,10008,t,wl,ProximitySensor,0,f,0,11621,p,1,0,w,0
7,10008,t,sr,0,14281,1
7,10008,t,fg,30334,1
7,10008,t,pr,*wakelock*,5260,1400,0,0
7,10008,t,pr,com.google.android.dialer,10,0,720,1
7,10008,t,pr,com.google.android.incallui,190,80,0,1
7,10008,t,apk,0,com.google.android.dialer,com.android.incallui.CallHandlerService,0,0,1
7,10011,t,pr,com.google.android.partnersetup,10,10,0,1
7,0,t,ua,21,0,0
7,10012,t,wl,*vibrator*,0,f,0,312,p,19,0,w,0
7,10012,t,wl,RingtonePlayer,0,f,0,63,p,4,0,w,0
7,10012,t,wl,AudioMix,0,f,0,2116,p,3,0,w,0
7,10012,t,wl,show keyguard,0,f,0,112,p,2,0,w,0
7,10012,t,vib,95,19
7,10012,t,pr,*wakelock*,260,170,0,0
7,10012,t,pr,com.android.systemui,4230,980,0,0
7,10014,t,nt,19955,8443,0,0
7,10014,t,wl,AudioIn,0,f,0,3081,p,7,0,w,0
7,10014,t,wl,AlarmManager,0,f,0,22,p,6,0,w,0
7,10014,t,wl,EntriesRefresh_wakelock,0,f,0,10023,p,2,0,w,0
7,10014,t,wl,Sidekick_CalendarIntentService,0,f,0,276,p,7,0,w,0
7,10014,t,fg,21859,6
7,10014,t,pr,com.google.android.googlequicksearchbox:search,1140,330,0,0
7,10014,t,pr,com.google.android.googlequicksearchbox,2370,410,2320,0
7,10014,t,apk,6,com.google.android.googlequicksearchbox,com.google.android.velvet.VelvetBackgroundTasksImpl$Service,33,1,1
7,10014,t,apk,6,com.google.android.googlequicksearchbox,com.google.android.sidekick.main.remoteservice.GoogleNowRemoteService,0,0,6
7,10014,t,apk,6,com.google.android.googlequicksearchbox,com.google.android.sidekick.main.calendar.CalendarIntentService,525,7,7
7,10014,t,apk,6,com.google.android.googlequicksearchbox,com.google.android.search.core.service.SearchService,61221,7,7
7,10014,t,apk,6,com.google.android.googlequicksearchbox,com.google.android.sidekick.main.entry.EntriesRefreshIntentService,28548,2,2
7,10014,t,apk,6,com.google.android.googlequicksearchbox,com.google.android.voicesearch.logger.EventLoggerService,30968,4,4
7,10014,t,apk,6,com.google.android.googlequicksearchbox,com.google.android.search.core.summons.icing.InternalIcingCorporaProvider$UpdateCorporaService,623,3,3
7,10016,t,pr,com.android.vending,10,0,0,2
7,10016,t,apk,0,com.android.vending,com.google.android.finsky.services.RestoreService,38,2,2
7,10028,t,nt,5153,2931,0,0
7,10028,t,wl,*sync*/com.android.calendar/com.google/qsr@google.com,0,f,0,2937,p,3,0,w,0
7,10028,t,wl,StartingAlertService,0,f,0,16304,p,5,0,w,0
7,10028,t,pr,com.google.android.calendar,590,400,0,0
7,10028,t,apk,0,com.google.android.calendar,com.google.android.syncadapters.calendar.CalendarSyncAdapterService,0,0,3
7,10028,t,apk,0,com.google.android.calendar,com.android.calendar.alerts.AlertService,25237,5,5
7,10028,t,apk,0,com.google.android.calendar,com.android.calendar.widget.CalendarAppWidgetService,0,0,8
7,10031,t,pr,com.android.chrome,70,20,0,0
7,10034,t,wl,AlarmClock,0,f,0,39,p,2,0,w,0
7,10034,t,wl,AlarmManager,0,f,0,14,p,2,0,w,0
7,10034,t,pr,com.google.android.deskclock,50,20,0,1
7,10034,t,apk,0,com.google.android.deskclock,com.android.alarmclock.DigitalAppWidgetService,0,0,5
7,10039,t,pr,com.google.android.gallery3d,70,30,0,0
7,10039,t,apk,0,com.google.android.gallery3d,com.google.android.picasasync.ConnectivityReceiver$AsyncService,194,19,19
7,10040,t,nt,85372,26109,0,0
7,10040,t,wfl,32876000,2680000,0
7,10040,t,wl,LocationManagerService,0,f,0,0,p,0,0,w,0
7,10040,t,wl,AlarmManager,0,f,0,57,p,1,0,w,0
7,10040,t,wl,NlpWakeLock,0,f,0,1385,p,3,0,w,0
7,10040,t,wl,Genie,0,f,0,151674,p,1,0,w,0
7,10040,t,fg,11727,1
7,10040,t,pr,*wakelock*,1630,1260,0,0
7,10040,t,pr,com.google.android.apps.genie.geniewidget,380,150,460,2
7,10040,t,apk,1,com.google.android.apps.genie.geniewidget,com.google.android.apps.genie.geniewidget.GenieRefreshService,176326,2,2
7,10041,t,nt,78186,67761,0,0
7,10041,t,wl,GmailProviderProviderChangedBroadcastWakeLock,0,f,0,18051,p,13,0,w,0
7,10041,t,wl,*sync*/gmail-ls/com.google/qsr@google.com,0,f,0,26210,p,16,0,w,0
7,10041,t,pr,*wakelock*,1310,830,0,0
7,10041,t,pr,com.google.android.gm,7100,1100,0,0
7,10041,t,apk,0,com.google.android.gm,com.google.android.gm.GmailIntentService,1922,17,17
7,10041,t,apk,0,com.google.android.gm,com.google.android.gm.provider.MailSyncAdapterService,0,0,16
7,10050,t,nt,48653,21936,0,0
7,10050,t,wl,*vibrator*,0,f,0,1095,p,3,0,w,0
7,10050,t,wl,hangouts_rtcs,0,f,0,2088,p,33,0,w,0
7,10050,t,wl,hangouts_gcm,0,f,0,42,p,9,0,w,0
7,10050,t,wl,AlarmManager,0,f,0,0,p,0,0,w,0
7,10050,t,vib,2100,6
7,10050,t,fg,8079,1
7,10050,t,pr,*wakelock*,260,160,0,0
7,10050,t,pr,com.google.android.talk,77890,21720,5260,1
7,10050,t,apk,0,com.google.android.talk,com.google.android.apps.babel.fragments.ConversationFragment$DraftService,164,1,1
7,10050,t,apk,0,com.google.android.talk,com.google.android.apps.babel.realtimechat.RequestWriter,43032,4,4
7,10050,t,apk,0,com.google.android.talk,com.google.android.apps.babel.realtimechat.RealTimeChatService,4077,33,33
7,10050,t,apk,0,com.google.android.talk,com.google.android.apps.babel.realtimechat.GcmIntentService,105,9,9
7,10052,t,wl,AlertService,0,f,0,27,p,2,0,w,0
7,10052,t,pr,com.google.android.keep,10,0,0,2
7,10052,t,apk,0,com.google.android.keep,com.google.android.keep.notification.AlertService,100,2,2
7,10054,t,pr,com.google.android.inputmethod.latin,0,0,0,2
7,10054,t,apk,0,com.google.android.inputmethod.latin,com.android.inputmethod.latin.spellcheck.AndroidSpellCheckerService,0,0,1
7,10054,t,apk,0,com.google.android.inputmethod.latin,com.android.inputmethod.dictionarypack.DictionaryService,13,1,1
7,10058,t,pr,com.google.android.apps.magazines,50,10,0,1
7,10064,t,nt,15479,11733,0,0
7,10064,t,wl,*sync*/com.google.android.apps.plus.content.EsProvider/com.google/qsr@google.com,0,f,0,2237,p,6,0,w,0
7,10064,t,wl,fingerprint_scanner_static,0,f,0,0,p,0,0,w,0
7,10064,t,wl,fingerprint_scanner_local,0,f,0,0,p,0,0,w,0
7,10064,t,wl,*sync*/com.google.android.apps.plus.content.EsProvider/com.google/benjamin.lerman@gmail.com,0,f,0,3438,p,1,0,w,0
7,10064,t,wl,AsyncService,0,f,0,14,p,2,0,w,0
7,10064,t,pr,com.google.android.apps.plus,630,150,0,0
7,10064,t,apk,1,com.google.android.apps.plus,com.google.android.apps.moviemaker.service.PluggedInAnalyzerService,302,1,1
7,10064,t,apk,1,com.google.android.apps.plus,com.google.android.apps.plus.service.EsService,34621,6,6
7,10064,t,apk,1,com.google.android.apps.plus,com.google.android.apps.plus.service.PackagesMediaMonitor$AsyncService,33,2,2
7,10064,t,apk,1,com.google.android.apps.plus,com.google.android.apps.moviemaker.analyzer.AnalyzerService,0,0,1
7,10064,t,apk,1,com.google.android.apps.plus,com.google.android.apps.plus.service.EsSyncAdapterService,0,0,7
7,10068,t,pr,com.qualcomm.timeservice,0,10,0,1
7,10083,t,nt,20486,19495,0,0
7,10083,t,wl,com.google.android.apps.bazaar,0,f,0,7335,p,8,0,w,0
7,10083,t,wl,AlarmManager,0,f,0,600,p,11,0,w,0
7,10083,t,pr,*wakelock*,1300,310,0,0
7,10083,t,pr,com.google.android.apps.bazaar,350,150,0,1
7,10083,t,apk,0,com.google.android.apps.bazaar,com.google.android.apps.bazaar.CheckinService,12009,8,8
7,10084,t,pr,com.imangi.templerun2,200,420,0,0
7,10086,t,pr,com.google.android.apps.unveil,20,0,0,1
7,10094,t,pr,com.google.android.apps.chrome_dev,20,10,0,1
7,10095,t,pr,com.google.android.apps.googlevoice,10,0,0,0
7,10102,t,pr,com.devhd.feedly,10,20,0,1
7,10104,t,pr,com.google.android.apps.enterprise.dmagent,80,40,0,1
7,10109,t,pr,com.google.android.apps.modis,10,0,0,0
7,10113,t,wl,WindowManager,2512,f,1,0,p,0,0,w,0
7,10113,t,pr,eu.chainfire.supersu,10,0,0,1
7,10115,t,pr,com.klye.ime.latin,220,20,0,0
7,10116,t,wl,StartingAlertService,0,f,0,11,p,1,0,w,0
7,10116,t,pr,com.thinkleft.eightyeightsms.mms,190,110,0,1
7,10116,t,apk,0,com.thinkleft.eightyeightsms.mms,com.thinkleft.eightyeightsms.mms.transaction.SmsReceiverService,37,1,1
7,10116,t,apk,0,com.thinkleft.eightyeightsms.mms,com.thinkleft.eightyeightsms.mms.transaction.TransactionService,799,19,19
7,10117,t,fg,5901,1
7,10117,t,pr,eu.chainfire.adbd,310,200,470,0
7,0,u,bt,N/A,2979420,648314,2989799,658694
7,0,u,m,75261,30546,2979420,2979420,0,373020,223295,0,0,8041000,408886040,0
7,0,u,br,75261,0,0,0,0
7,0,u,sgt,40728,2239,6720,603945,2325788
7,0,u,sst,38267
7,0,u,sgc,2,1,2,3,1
7,0,u,dct,81398,0,0,535888,0,0,0,0,65681,0,2038815,0,0,0,0,257638,0
7,0,u,dcc,4,0,0,10,0,0,0,0,8,0,54,0,0,0,0,54,0
7,0,u,lv,100,97
7,0,u,dc,3,3,0,3
7,0,u,kwl,ipc0000000f_time_daemon,2,9
7,0,u,kwl,ipc000000d2_sensors.qcom,0,0
7,0,u,kwl,ipc000002d2_sensors.qcom,0,0
7,0,u,kwl,ssr(modem)  ,0,0
7,0,u,kwl,ipc0000032a_sensors.qcom,0,0
7,0,u,kwl,ipc00001369_sensors.qcom,0,0
7,0,u,kwl,qpnp-vadc-ee167c00,1998,397
7,0,u,kwl,ipc00000018_rild,0,0
7,0,u,kwl,ipc0000070a_sensors.qcom,0,0
7,0,u,kwl,ipc000001c1_sensors.qcom,0,0
7,0,u,kwl,ipc00001709_sensors.qcom,0,0
7,0,u,kwl,ipc000001fc_sensors.qcom,0,0
7,0,u,kwl,ipc0000002e_sensors.qcom,3,9
7,0,u,kwl,SensorService,0,1
7,0,u,kwl,msm_tsens_lock,0,0
7,0,u,kwl,ssr(adsp)   ,0,0
7,0,u,kwl,ipc000004f4_sensors.qcom,0,0
7,0,u,kwl,power-supply,92,4
7,0,u,kwl,icl_wake_lock,0,0
7,0,u,kwl,ipc0000135f_sensors.qcom,0,0
7,0,u,kwl,ipc000004d9_sensors.qcom,0,0
7,0,u,kwl,ipc0000001f_thermal-engine-,0,0
7,0,u,kwl,ipc00000cc4_sensors.qcom,0,0
7,0,u,kwl,ipc00000010_time_daemon,0,0
7,0,u,kwl,ipc000004f2_sensors.qcom,0,0
7,0,u,kwl,ipc00000f54_sensors.qcom,0,0
7,0,u,kwl,ipc00001576_sensors.qcom,0,0
7,0,u,kwl,ipc000002d3_sensors.qcom,0,0
7,0,u,kwl,ipc000011ba_sensors.qcom,0,0
7,0,u,kwl,ipc0000003c_sensors.qcom,4,9
7,0,u,kwl,ipc00000e1d_sensors.qcom,0,0
7,0,u,kwl,ipc0000119a_sensors.qcom,0,0
7,0,u,kwl,ipc0000070f_sensors.qcom,0,0
7,0,u,kwl,ipc00000cc5_sensors.qcom,0,0
7,0,u,kwl,ipc0000155d_sensors.qcom,0,0
7,0,u,kwl,event1-802  ,99,1723
7,0,u,kwl,bq24192     ,0,0
7,0,u,kwl,ipc0000001d_time_daemon,0,6
7,0,u,kwl,qpnp-iadc-ee167e00,638,134
7,0,u,kwl,ipc000001c4_sensors.qcom,0,0
7,0,u,kwl,wlan_rx_wake,9901,20
7,0,u,kwl,ipc00000022_thermal-engine-,0,9
7,0,u,kwl,ipc00000092_sensors.qcom,0,0
7,0,u,kwl,ipc00000cc2_sensors.qcom,0,0
7,0,u,kwl,smdcntl5    ,0,0
7,0,u,kwl,wlan_wake   ,2932,1270
7,0,u,kwl,bam_dmux_wakelock,327642,97
7,0,u,kwl,ipc0000155f_sensors.qcom,0,0
7,0,u,kwl,ipc0000147b_sensors.qcom,0,0
7,0,u,kwl,ipc00001577_sensors.qcom,0,0
7,0,u,kwl,ipc00000e1a_sensors.qcom,0,0
7,0,u,kwl,msm_serial_hs_dma,0,0
7,0,u,kwl,event0-802  ,9496,144
7,0,u,kwl,smdcntl4    ,0,0
7,0,u,kwl,ipc0000003b_sensors.qcom,0,0
7,0,u,kwl,ipc0000032b_sensors.qcom,0,0
7,0,u,kwl,ipc000002d5_sensors.qcom,0,0
7,0,u,kwl,ipc000001fd_sensors.qcom,0,0
7,0,u,kwl,rmt_storage_-1222467888,123,2
7,0,u,kwl,smsm_snapshot,0,0
7,0,u,kwl,qmi1        ,0,0
7,0,u,kwl,ipc0000172d_sensors.qcom,0,0
7,0,u,kwl,ipc0000000d_thermal-engine-,0,9
7,0,u,kwl,ipc0000172e_sensors.qcom,0,0
7,0,u,kwl,smdcntl1    ,6054,175
7,0,u,kwl,ipc00000095_sensors.qcom,0,0
7,0,u,kwl,rmt_storage_-1222467040,219,3
7,0,u,kwl,ipc00001368_sensors.qcom,0,0
7,0,u,kwl,ipc00000034_sensors.qcom,3,9
7,0,u,kwl,ipc000004f3_sensors.qcom,0,0
7,0,u,kwl,ipc0000001b_rild,0,0
7,0,u,kwl,ipc0000147c_sensors.qcom,0,0
7,0,u,kwl,mmc1_detect ,0,0
7,0,u,kwl,ipc000004d7_sensors.qcom,0,0
7,0,u,kwl,ipc0000000a_thermal-engine-,0,0
7,0,u,kwl,dofstrim    ,0,0
7,0,u,kwl,ipc00000a8e_sensors.qcom,0,0
7,0,u,kwl,ipc000001ff_sensors.qcom,0,0
7,0,u,kwl,ipc000001fe_sensors.qcom,0,0
7,0,u,kwl,ipc00000cc3_sensors.qcom,0,0
7,0,u,kwl,ipc00000f52_sensors.qcom,0,0
7,0,u,kwl,ipc000012a8_sensors.qcom,0,0
7,0,u,kwl,ipc00000036_sensors.qcom,3,9
7,0,u,kwl,smdcntl6    ,0,0
7,0,u,kwl,ipc00000ac9_sensors.qcom,0,0
7,0,u,kwl,ipc0000171d_sensors.qcom,2,4
7,0,u,kwl,ipc0000008a_sensors.qcom,4,9
7,0,u,kwl,ipc00000027_sensors.qcom,0,0
7,0,u,kwl,ipc00001366_sensors.qcom,0,0
7,0,u,kwl,ipc000003e3_sensors.qcom,0,0
7,0,u,kwl,radio-interface,158062,145
7,0,u,kwl,msm_serial_hs_rx,0,0
7,0,u,kwl,ipc00000097_sensors.qcom,0,0
7,0,u,kwl,ipc00000038_sensors.qcom,3,9
7,0,u,kwl,ipc000004f5_sensors.qcom,0,0
7,0,u,kwl,ipc000004ce_sensors.qcom,0,0
7,0,u,kwl,ipc000011bb_sensors.qcom,0,0
7,0,u,kwl,ipc0000003a_sensors.qcom,3,9
7,0,u,kwl,ipc00000098_sensors.qcom,0,0
7,0,u,kwl,ipc000004d6_sensors.qcom,0,0
7,0,u,kwl,ipc00000023_sensors.qcom,0,0
7,0,u,kwl,ipc00001708_sensors.qcom,0,0
7,0,u,kwl,ipc000001da_sensors.qcom,0,0
7,0,u,kwl,ipc00000017_sensors.qcom,0,0
7,0,u,kwl,ipc00001407_sensors.qcom,0,0
7,0,u,kwl,ipc00001367_sensors.qcom,0,0
7,0,u,kwl,ipc000000d3_sensors.qcom,0,0
7,0,u,kwl,ipc00000673_sensors.qcom,0,0
7,0,u,kwl,ipc00000033_sensors.qcom,0,0
7,0,u,kwl,smdcntl3    ,0,0
7,0,u,kwl,ipc0000000b_thermal-engine-,1,9
7,0,u,kwl,ipc0000003f_sensors.qcom,0,0
7,0,u,kwl,smdcntl2    ,0,0
7,0,u,kwl,ipc0000003e_sensors.qcom,3,9
7,0,u,kwl,ipc00000030_sensors.qcom,3,9
7,0,u,kwl,ipc00001572_sensors.qcom,0,0
7,0,u,kwl,ipc00000e1c_sensors.qcom,0,0
7,0,u,kwl,ipc00000004_rmt_storage,0,9
7,0,u,kwl,qcril       ,421,214
7,0,u,kwl,ipc000000a9_Loc_hal_worker,6,9
7,0,u,kwl,ipc00000f53_sensors.qcom,0,0
7,0,u,kwl,ipc0000000e_time_daemon,0,0
7,0,u,kwl,ipc00000aca_sensors.qcom,0,0
7,0,u,kwl,alarm       ,0,0
7,0,u,kwl,ipc0000170a_sensors.qcom,0,0
7,0,u,kwl,ipc00000a8f_sensors.qcom,0,0
7,0,u,kwl,ipc0000171f_sensors.qcom,0,0
7,0,u,kwl,ipc00000029_sensors.qcom,0,0
7,0,u,kwl,event2-802  ,778,146
7,0,u,kwl,ipc00000328_sensors.qcom,0,0
7,0,u,kwl,ipc000011b6_sensors.qcom,0,0
7,0,u,kwl,ipc000011b8_sensors.qcom,0,0
7,0,u,kwl,ipc00000096_sensors.qcom,0,0
7,0,u,kwl,slimport_wake_lock,0,0
7,0,u,kwl,pil-adsp    ,0,0
7,0,u,kwl,ipc00000a91_sensors.qcom,0,0
7,0,u,kwl,ipc_rtr_smd_ipcrtr,1,50
7,0,u,kwl,ipc0000002c_sensors.qcom,3,9
7,0,u,kwl,ipc000004f6_sensors.qcom,0,0
7,0,u,kwl,ipc00000013_sensors.qcom,1,8
7,0,u,kwl,ipc00000021_thermal-engine-,0,0
7,0,u,kwl,ipc000003e5_sensors.qcom,0,0
7,0,u,kwl,ipc00000674_sensors.qcom,0,0
7,0,u,kwl,ipc0000135d_sensors.qcom,0,0
7,0,u,kwl,ipc000001d7_sensors.qcom,0,0
7,0,u,kwl,ipc_rtr_q6_ipcrtr,35,2616
7,0,u,kwl,ipc000000a8_Loc_hal_worker,0,0
7,0,u,kwl,ipc0000001c_rild,2,9
7,0,u,kwl,PowerManagerService.Broadcasts,3143,8
7,0,u,kwl,ipc000004d8_sensors.qcom,0,0
7,0,u,kwl,ipc000001c0_sensors.qcom,0,0
7,0,u,kwl,ipc00000089_sensors.qcom,1,16
7,0,u,kwl,ipc0000119b_sensors.qcom,0,0
7,0,u,kwl,ipc00000028_sensors.qcom,2,9
7,0,u,kwl,pil-venus   ,0,0
7,0,u,kwl,ipc0000001e_time_daemon,3,9
7,0,u,kwl,ipc00000f55_sensors.qcom,0,0
7,0,u,kwl,ipc0000070d_sensors.qcom,0,0
7,0,u,kwl,ipc00001361_sensors.qcom,0,0
7,0,u,kwl,qmuxd_port_wl_0,64,923
7,0,u,kwl,qmuxd_port_wl_1,19,176
7,0,u,kwl,ipc00000e1b_sensors.qcom,0,0
7,0,u,kwl,ipc00001547_sensors.qcom,0,0
7,0,u,kwl,ipc00000020_thermal-engine-,0,9
7,0,u,kwl,ipc00000019_rild,2,9
7,0,u,kwl,qmuxd_port_wl_4,0,0
7,0,u,kwl,ipc0000147a_sensors.qcom,0,0
7,0,u,kwl,qmuxd_port_wl_5,0,0
7,0,u,kwl,qmuxd_port_wl_2,0,0
7,0,u,kwl,qmuxd_port_wl_3,0,0
7,0,u,kwl,ipc00001560_sensors.qcom,0,0
7,0,u,kwl,qmuxd_port_wl_7,0,0
7,0,u,kwl,qmuxd_port_wl_6,0,0
7,0,u,kwl,ipc0000172c_sensors.qcom,0,0
7,0,u,kwl,ipc000003e4_sensors.qcom,0,0
7,0,u,kwl,ipc000001d6_sensors.qcom,0,0
7,0,u,kwl,bq24192irq  ,2598,2
7,0,u,kwl,ipc00000035_sensors.qcom,0,0
7,0,u,kwl,qpnp-rtc-ee167a00,0,0
7,0,u,kwl,ipc00000024_sensors.qcom,2,9
7,0,u,kwl,ipc00001409_sensors.qcom,0,0
7,0,u,kwl,PowerManagerService.Display,75555,6
7,0,u,kwl,ipc00001546_sensors.qcom,0,0
7,0,u,kwl,extra_chg_lock,0,0
7,0,u,kwl,ipc000001c3_sensors.qcom,0,0
7,0,u,kwl,ipc0000147d_sensors.qcom,0,0
7,0,u,kwl,ipc0000000c_thermal-engine-,0,0
7,0,u,kwl,ipc0000009c_sensors.qcom,4,9
7,0,u,kwl,ipc00001003_sensors.qcom,0,0
7,0,u,kwl,ipc00001002_sensors.qcom,0,0
7,0,u,kwl,ipc0000002f_sensors.qcom,0,0
7,0,u,kwl,qpnp-chg-eoc-lock,0,0
7,0,u,kwl,KeyEvents   ,143,1903
7,0,u,kwl,ipc00001001_sensors.qcom,0,0
7,0,u,kwl,ipc00000085_sensors.qcom,0,0
7,0,u,kwl,event3-802  ,763,146
7,0,u,kwl,NFCWAKE     ,0,0
7,0,u,kwl,ipc00001561_sensors.qcom,0,0
7,0,u,kwl,qpnp-charger-ee167400,0,0
7,0,u,kwl,ipc0000171a_sensors.qcom,73,1338
7,0,u,kwl,ipc00000093_sensors.qcom,0,0
7,0,u,kwl,ipc00001573_sensors.qcom,0,0
7,0,u,kwl,ipc00000094_sensors.qcom,0,0
7,0,u,kwl,ipc000002d4_sensors.qcom,0,0
7,0,u,kwl,ipc00000acb_sensors.qcom,0,0
7,0,u,kwl,smdcntl0    ,752,900
7,0,u,kwl,ipc00001545_sensors.qcom,0,0
7,0,u,kwl,event5-802  ,0,0
7,0,u,kwl,ipc0000171c_sensors.qcom,0,2
7,0,u,kwl,ipc000004d0_sensors.qcom,0,0
7,0,u,kwl,ipc0000170b_sensors.qcom,0,0
7,0,u,kwl,ear_hook    ,0,0
7,0,u,kwl,ipc00000014_sensors.qcom,2,9
7,0,u,kwl,ipc00000007_thermal-engine-,0,0
7,0,u,kwl,ipc000001d9_sensors.qcom,0,0
7,0,u,kwl,pil-mba     ,0,0
7,0,u,kwl,alarm_rtc   ,0,0
7,0,u,kwl,ipc000011b7_sensors.qcom,0,0
7,0,u,kwl,ipc00000032_sensors.qcom,3,9
7,0,u,kwl,ipc00000a90_sensors.qcom,0,0
7,0,u,kwl,ipc00000003_rmt_storage,335,5
7,0,u,kwl,ipc00000675_sensors.qcom,0,0
7,0,u,kwl,ipc00001544_sensors.qcom,0,0
7,0,u,kwl,ipc000004d1_sensors.qcom,0,0
7,0,u,kwl,ipc000012a6_sensors.qcom,0,0
7,0,u,kwl,ipc0000119d_sensors.qcom,0,0
7,0,u,kwl,ipc0000171b_sensors.qcom,2,4
7,0,u,kwl,ipc0000009b_sensors.qcom,0,0
7,0,u,kwl,ipc00000091_sensors.qcom,0,0
7,0,u,kwl,ipc0000171e_sensors.qcom,0,0
7,0,u,kwl,ipc00001575_sensors.qcom,0,0
7,0,u,kwl,qmi0        ,0,0
7,0,u,kwl,ipc0000002d_sensors.qcom,0,0
7,0,u,kwl,msm_dwc3    ,0,0
7,0,u,kwl,ipc0000070b_sensors.qcom,0,0
7,0,u,kwl,ipc00000031_sensors.qcom,0,0
7,0,u,kwl,ipc0000070c_sensors.qcom,0,0
7,0,u,kwl,ipc000000a4_Loc_hal_worker,2,27
7,0,u,kwl,wlan_wd_wake,17166,145
7,0,u,kwl,ipc000001db_sensors.qcom,0,0
7,0,u,kwl,ipc00001574_sensors.qcom,0,0
7,0,u,kwl,ipc00000088_sensors.qcom,4,9
7,0,u,kwl,mmc0_detect ,0,0
7,0,u,kwl,ipc00000039_sensors.qcom,0,0
7,0,u,kwl,pil-modem   ,0,0
7,0,u,kwl,taiko-slim-pgd,0,0
7,0,u,kwl,ipc000004cf_sensors.qcom,0,0
7,0,u,kwl,ssr(venus)  ,0,0
7,0,u,kwl,ipc00001360_sensors.qcom,0,0
7,0,u,kwl,ipc00000086_sensors.qcom,4,9
7,0,u,kwl,ipc0000119c_sensors.qcom,0,0
7,0,u,kwl,ipc00001718_sensors.qcom,16,156
7,0,u,kwl,ipc000000a5_Loc_hal_worker,6,9
7,0,u,kwl,smdcntl7    ,0,0
7,0,u,kwl,ipc000001c5_sensors.qcom,0,0
7,0,u,kwl,ipc00000037_sensors.qcom,0,0
7,0,u,kwl,ipc0000002a_sensors.qcom,3,9
7,0,u,kwl,ipc00000011_sensors.qcom,1,16
7,0,u,kwl,bluesleep   ,0,0
7,0,u,kwl,mmc0        ,0,0
7,0,u,kwl,ipc0000155e_sensors.qcom,0,0
7,0,u,kwl,ipc0000008d_sensors.qcom,0,0
7,0,u,kwl,ipc00001408_sensors.qcom,0,0
7,0,u,kwl,ipc000000d4_sensors.qcom,0,0
7,0,u,kwl,ipc000012a9_sensors.qcom,0,0
7,0,u,kwl,ipc000001c2_sensors.qcom,0,0
7,0,u,kwl,ipc0000070e_sensors.qcom,0,0
7,0,u,kwl,ipc000001d8_sensors.qcom,0,0
7,0,u,kwl,max17048_alert,2166,120
7,0,u,kwl,ipc000000d5_sensors.qcom,0,0
7,0,u,kwl,PowerManagerService.WakeLocks,410589,457
7,0,u,kwl,ipc00001719_sensors.qcom,2,4
7,0,u,kwl,ipc00000672_sensors.qcom,0,0
7,0,u,kwl,ipc00001406_sensors.qcom,0,0
7,0,u,kwl,ipc000003e2_sensors.qcom,0,0
7,0,u,kwl,ipc00001000_sensors.qcom,0,0
7,0,u,kwl,batt_tm_wake_lock,0,0
7,0,u,kwl,qpnp-power-on-ee166800,0,0
7,0,u,kwl,qmi2        ,0,0
7,0,u,kwl,ipc0000002b_sensors.qcom,0,0
7,0,u,kwl,ipc000000a3_Loc_hal_worker,0,0
7,0,u,kwl,ipc0000172f_sensors.qcom,0,0
7,0,u,kwl,ipc000004f7_sensors.qcom,0,0
7,0,u,kwl,ipc0000135e_sensors.qcom,0,0
7,0,u,kwl,gpio_keys.70,0,0
7,0,u,kwl,ipc00000ac8_sensors.qcom,0,0
7,0,u,kwl,wlan_ctrl_wake,44010,51
7,0,u,kwl,ipc00000012_sensors.qcom,2,9
7,0,u,kwl,ipc000011b9_sensors.qcom,0,0
7,0,u,kwl,ipc0000001a_rild,0,0
7,0,u,kwl,ipc0000135c_sensors.qcom,0,0
7,0,u,kwl,ipc000012a7_sensors.qcom,0,0
7,0,u,kwl,ipc00000002_kworker/2:0,1,16
7,0,u,kwl,ipc0000003d_sensors.qcom,0,0
7,0,u,kwl,ipc00000087_sensors.qcom,0,0
7,0,u,kwl,ipc0000155c_sensors.qcom,0,0
7,0,u,kwl,ipc00000040_sensors.qcom,3,9
7,0,u,kwl,ipc00000329_sensors.qcom,0,0
7,0,u,kwl,event4-802  ,711,146
7,0,u,nt,6693,9642,0,0
7,0,u,pr,thermal-engine-hh,0,130,0,0
7,0,u,pr,vold,10,10,0,0
7,0,u,pr,daemonsu:10113,0,10,0,0
7,0,u,pr,kworker/u:3,0,500,0,0
7,0,u,pr,jbd2/mmcblk0p25,0,10,0,0
7,0,u,pr,kworker/u:5,0,11360,0,0
7,0,u,pr,jbd2/mmcblk0p27,0,10,0,0
7,0,u,pr,daemonsu:10117,0,20,0,0
7,0,u,pr,kthreadd,0,90,0,0
7,0,u,pr,jbd2/mmcblk0p28,0,200,0,0
7,0,u,pr,irq/170-msm_sdc,0,40,0,0
7,0,u,pr,kworker/0:3H,0,120,0,0
7,0,u,pr,kworker/0:0,0,320,0,0
7,0,u,pr,kworker/u:0,10,480,0,0
7,0,u,pr,kworker/0:1,0,480,0,0
7,0,u,pr,kworker/u:2,0,230,0,0
7,0,u,pr,kworker/0:2,30,470,0,0
7,0,u,pr,kworker/0:3,0,380,0,0
7,0,u,pr,kworker/u:1,30,220,0,0
7,0,u,pr,ngd_msm_ctrl_ng,0,10,0,0
7,0,u,pr,daemonsu:mount:master,0,20,0,0
7,0,u,pr,irq/362-s3350,0,540,0,0
7,0,u,pr,bdi-default,0,190,0,0
7,0,u,pr,daemonsu:master,0,30,0,0
7,0,u,pr,debuggerd,0,140,0,0
7,0,u,pr,kworker/1:1H,0,50,0,0
7,0,u,pr,ueventd,0,10,0,0
7,0,u,pr,mdss_fb0,0,370,0,0
7,0,u,pr,jbd2/mmcblk0p16,0,10,0,0
7,0,u,pr,dhd_watchdog_th,0,70,0,0
7,0,u,pr,wl_event_handle,0,50,0,0
7,0,u,pr,irq/288-wcd9xxx,0,10,0,0
7,0,u,pr,kworker/0:2H,0,550,0,0
7,0,u,pr,kswapd0,0,140,0,0
7,0,u,pr,/init,50,60,0,0
7,0,u,pr,ksoftirqd/0,0,650,0,0
7,0,u,pr,ksoftirqd/1,0,80,0,0
7,0,u,pr,kworker/1:0H,30,20,0,0
7,0,u,pr,mpdecision,230,2540,0,0
7,0,u,pr,mmcqd/1,0,1250,0,0
7,0,u,pr,kworker/0:1H,30,490,0,0
7,0,u,pr,netd,60,1090,0,0
7,0,u,pr,zygote,500,420,0,0
7,0,u,pr,dbs_sync/1,0,40,0,0
7,0,u,pr,dbs_sync/0,0,40,0,0
7,0,u,pr,flush-179:0,0,140,0,0
7,0,u,pr,dbs_sync/3,0,20,0,0
7,0,u,pr,dbs_sync/2,0,20,0,0
7,0,u,pr,healthd,0,40,0,0
7,0,u,pr,kworker/u:0H,0,1510,0,0
7,0,u,pr,kworker/0:0H,20,50,0,0
7,0,u,pr,sync_supers,10,0,0,0
7,0,u,pr,dhd_dpc,0,640,0,0
7,1000,u,nt,11065,3470,0,0
7,0,u,ua,14,4,43
7,1000,u,wl,GpsLocationProvider,0,f,0,310,p,16,0,w,0
7,1000,u,wl,SyncManagerHandleSyncAlarm,0,f,0,102,p,21,0,w,0
7,1000,u,wl,WifiSuspend,0,f,0,118,p,4,0,w,0
7,1000,u,wl,NetworkStats,0,f,0,554,p,21,0,w,0
7,1000,u,wl,LocationManagerService,0,f,0,179,p,19,0,w,0
7,1000,u,wl,ActivityManager-Launch,0,f,0,1681,p,11,0,w,0
7,1000,u,wl,NlpWakeLock,0,f,0,72,p,39,0,w,0
7,1000,u,wl,*vibrator*,0,f,0,32,p,4,0,w,0
7,1000,u,wl,*backup*,0,f,0,5,p,1,0,w,0
7,1000,u,wl,AlarmManager,0,f,0,2814,p,67,0,w,0
7,1000,u,wl,ActivityManager-Sleep,0,f,0,24,p,2,0,w,0
7,1000,u,wl,SyncLoopWakeLock,0,f,0,673,p,123,0,w,0
7,1000,u,sr,0,79416,5
7,1000,u,sr,31,30343,1
7,1000,u,vib,20,4
7,1000,u,pr,qseecomd,0,10,0,0
7,1000,u,pr,time_daemon,0,20,0,0
7,1000,u,pr,surfaceflinger,1680,2090,0,0
7,1000,u,pr,system_server,25100,10550,0,0
7,1000,u,pr,servicemanager,0,160,0,0
7,1001,u,wl,PhoneApp,5529,f,1,0,p,0,0,w,0
7,1001,u,wl,GsmConnection,0,f,0,9631,p,1,0,w,0
7,1001,u,wl,ServiceStateTracker,0,f,0,5,p,2,0,w,0
7,1001,u,wl,AudioMix,0,f,0,145,p,1,0,w,0
7,1001,u,wl,AlarmManager,0,f,0,8,p,6,0,w,0
7,1001,u,wl,RILJ,0,f,0,13125,p,508,0,w,0
7,1001,u,fg,3129,5
7,1001,u,pr,rild,980,710,0,0
7,1001,u,pr,qmuxd,60,160,0,0
7,1001,u,pr,com.qualcomm.qcrilmsgtunnel,30,10,0,0
7,1001,u,pr,com.redbend.vdmc,170,30,0,0
7,1001,u,pr,*wakelock*,5950,1580,0,0
7,1001,u,pr,bridgemgrd,30,10,0,0
7,1001,u,pr,netmgrd,0,160,0,0
7,1001,u,pr,com.android.phone,2500,1080,220,0
7,1010,u,pr,wpa_supplicant,240,200,0,0
7,1013,u,wl,AudioIn,0,f,0,9,p,9,0,w,0
7,1013,u,wl,TimedEventQueue,0,f,0,268,p,3,0,w,0
7,1013,u,wl,AudioMix,0,f,0,12211,p,10,0,w,0
7,1013,u,pr,mediaserver,280,940,0,0
7,1017,u,pr,keystore,70,0,0,0
7,1023,u,pr,sdcard,0,20,0,0
7,1027,u,wl,NfcService:mRoutingWakeLock,0,f,0,1155,p,9,0,w,0
7,1027,u,pr,com.android.nfc,30,40,0,0
7,2000,u,pr,adbd,10,10,0,0
7,9999,u,pr,sensors.qcom,150,380,0,0
7,9999,u,pr,rmt_storage,0,140,0,0
7,10001,u,wl,AlarmManager,0,f,0,122,p,5,0,w,0
7,10001,u,wl,ScheduleNextAlarmWakeLock,0,f,0,407,p,5,0,w,0
7,10001,u,pr,com.android.providers.calendar,730,180,0,2
7,10001,u,apk,5,com.android.providers.calendar,com.android.providers.calendar.CalendarProviderIntentService,674,5,5
7,10001,u,apk,5,com.android.providers.calendar,com.android.providers.calendar.EmptyService,75154,4,4
7,10003,u,pr,android.process.acore,660,130,0,1
7,10003,u,pr,com.android.contacts,20,0,0,1
7,10003,u,apk,0,com.android.contacts,com.android.contacts.ViewNotificationService,223,1,1
7,10005,u,pr,android.process.media,8460,1150,0,0
7,10005,u,apk,0,com.android.providers.downloads,com.android.providers.downloads.DownloadService,8082,7,7
7,10005,u,apk,0,com.android.providers.media,com.android.providers.media.MtpService,0,1,1
7,10007,u,nt,81978,51775,0,0
7,10007,u,wfl,47112000,30187000,0
7,10007,u,wl,NlpWakeLock,0,f,0,28024,p,97,0,w,0
7,10007,u,wl,*sync*/com.google.android.gms.people/com.google/qsr@google.com,0,f,0,10960,p,1,0,w,0
7,10007,u,wl,Checkin Handoff,0,f,0,29,p,21,0,w,0
7,10007,u,wl,GCM_LIB,0,f,0,293,p,27,0,w,0
7,10007,u,wl,GCM_CONN_ALARM,0,f,0,6822,p,6,0,w,0
7,10007,u,wl,Wakeful StateMachine: GeofencerStateMachine,0,f,0,13,p,9,0,w,0
7,10007,u,wl,Event Log Handoff,0,f,0,7,p,2,0,w,0
7,10007,u,wl,AlarmManager,0,f,0,91,p,19,0,w,0
7,10007,u,wl,SystemUpdateService,0,f,0,275,p,19,0,w,0
7,10007,u,wl,LocationManagerService,0,f,0,35,p,28,0,w,0
7,10007,u,wl,WakefulIntentService[GCoreUlr-LocationReportingService],0,f,0,421,p,1,0,w,0
7,10007,u,wl,Checkin Service,0,f,0,169,p,21,0,w,0
7,10007,u,wl,*sync*/com.android.contacts/com.google/qsr@google.com,0,f,0,413,p,1,0,w,0
7,10007,u,wl,UlrDispatchingService,0,f,0,1271,p,21,0,w,0
7,10007,u,wl,Icing,0,f,0,8665,p,26,0,w,0
7,10007,u,wl,*sync*/com.google.android.gms.people/com.google/benjamin.lerman@gmail.com,0,f,0,14686,p,2,0,w,0
7,10007,u,wl,GCoreFlp,0,f,0,221,p,76,0,w,0
7,10007,u,wl,NlpCollectorWakeLock,0,f,0,29922,p,9,0,w,0
7,10007,u,wl,GOOGLE_C2DM,0,f,0,311,p,33,0,w,0
7,10007,u,wl,Event Log Service,0,f,0,134,p,2,0,w,0
7,10007,u,wl,GTALK_IDLE_ALARM,0,f,0,4,p,2,0,w,0
7,10007,u,wl,GCM_CONN,0,f,0,1287,p,48,0,w,0
7,10007,u,sr,0,16956,7
7,10007,u,sr,30,2778981,0
7,10007,u,pr,com.google.process.gapps,1750,520,0,0
7,10007,u,pr,com.google.process.location,2620,470,0,0
7,10007,u,pr,*wakelock*,1250,940,0,0
7,10007,u,pr,com.google.android.gms,2340,760,0,0
7,10007,u,pr,com.google.android.gms.dg,0,10,0,1
7,10007,u,apk,0,com.google.android.gsf.login,com.google.android.gsf.loginservice.GoogleLoginService,0,0,40
7,10007,u,apk,3,com.google.android.gsf,com.google.android.gsf.subscribedfeeds.GCMIntentService,523,27,27
7,10007,u,apk,0,com.google.android.syncadapters.contacts,com.google.android.syncadapters.contacts.ContactsSyncAdapterService,0,0,1
7,10007,u,apk,0,com.google.android.syncadapters.contacts,com.google.android.syncadapters.contacts.SyncHighResPhotoIntentService,17,1,1
7,10007,u,apk,29,com.google.android.gms,com.google.android.gms.auth.be.GoogleAccountDataService,0,0,49
7,10007,u,apk,29,com.google.android.gms,com.google.android.gms.update.SystemUpdateService,787,20,20
7,10007,u,apk,29,com.google.android.gms,com.google.android.gms.init.InitializeIntentService,3,1,1
7,10007,u,apk,29,com.google.android.gms,com.google.android.gms.auth.GetToken,0,0,46
7,10007,u,apk,29,com.google.android.gms,com.google.android.gms.app.service.PackageBroadcastService,33,2,2
7,10007,u,apk,29,com.google.android.gms,com.google.android.gms.droidguard.DroidGuardService,0,0,2
7,10007,u,apk,29,com.google.android.gms,com.google.android.gms.people.service.PeopleRequestProcessor,354,11,11
7,10007,u,apk,29,com.google.android.gms,com.google.android.location.reporting.LocationReportingService,931,1,1
7,10007,u,apk,29,com.google.android.gms,com.google.android.gms.ads.identifier.service.AdvertisingIdService,0,0,43
7,10007,u,apk,29,com.google.android.gms,com.google.android.gms.icing.service.IndexService,0,0,19
7,10007,u,apk,29,com.google.android.gms,com.google.android.gms.icing.service.LightweightIndexService,0,0,20
7,10007,u,apk,29,com.google.android.gms,com.google.android.gms.games.service.GamesIntentService,107,3,3
7,10007,u,apk,29,com.google.android.gms,com.google.android.gms.playlog.uploader.UploaderIntentService,490,1,1
7,10007,u,apk,29,com.google.android.gms,com.google.android.gms.icing.service.IndexWorkerService,18129,26,26
7,10007,u,apk,29,com.google.android.gms,com.google.android.gms.people.sync.PeopleSyncService,0,0,3
7,10007,u,apk,29,com.google.android.gms,com.google.android.gms.people.service.bg.PeopleBackgroundTasks,18,2,2
7,10007,u,apk,29,com.google.android.gms,com.google.android.gms.checkin.CheckinService,656,21,21
7,10007,u,apk,29,com.google.android.gms,com.google.android.gms.people.service.PeopleService,0,0,2
7,10007,u,apk,29,com.google.android.gms,com.google.android.gms.checkin.EventLogService,148,2,2
7,10007,u,apk,29,com.google.android.gms,com.google.android.gms.mdm.services.NetworkQualityAndroidService,0,0,1
7,10007,u,apk,29,com.google.android.gms,com.google.android.gms.icing.service.LightweightIndexService$LightweightWorkerService,141,29,29
7,10008,u,wl,ProximitySensor,0,f,0,11621,p,1,0,w,0
7,10008,u,sr,0,14281,1
7,10008,u,fg,30334,1
7,10008,u,pr,*wakelock*,5260,1400,0,0
7,10008,u,pr,com.google.android.dialer,10,0,720,1
7,10008,u,pr,com.google.android.incallui,190,80,0,1
7,10008,u,apk,0,com.google.android.dialer,com.android.incallui.CallHandlerService,0,0,1
7,10011,u,pr,com.google.android.partnersetup,10,10,0,1
7,0,u,ua,21,0,0
7,10012,u,wl,*vibrator*,0,f,0,312,p,19,0,w,0
7,10012,u,wl,RingtonePlayer,0,f,0,63,p,4,0,w,0
7,10012,u,wl,AudioMix,0,f,0,2116,p,3,0,w,0
7,10012,u,wl,show keyguard,0,f,0,112,p,2,0,w,0
7,10012,u,vib,95,19
7,10012,u,pr,*wakelock*,260,170,0,0
7,10012,u,pr,com.android.systemui,4230,980,0,0
7,10014,u,nt,19955,8443,0,0
7,10014,u,wl,AudioIn,0,f,0,3081,p,7,0,w,0
7,10014,u,wl,AlarmManager,0,f,0,22,p,6,0,w,0
7,10014,u,wl,EntriesRefresh_wakelock,0,f,0,10023,p,2,0,w,0
7,10014,u,wl,Sidekick_CalendarIntentService,0,f,0,276,p,7,0,w,0
7,10014,u,fg,21859,6
7,10014,u,pr,com.google.android.googlequicksearchbox:search,1140,330,0,0
7,10014,u,pr,com.google.android.googlequicksearchbox,2370,410,2320,0
7,10014,u,apk,6,com.google.android.googlequicksearchbox,com.google.android.velvet.VelvetBackgroundTasksImpl$Service,33,1,1
7,10014,u,apk,6,com.google.android.googlequicksearchbox,com.google.android.sidekick.main.remoteservice.GoogleNowRemoteService,0,0,6
7,10014,u,apk,6,com.google.android.googlequicksearchbox,com.google.android.sidekick.main.calendar.CalendarIntentService,525,7,7
7,10014,u,apk,6,com.google.android.googlequicksearchbox,com.google.android.search.core.service.SearchService,61221,7,7
7,10014,u,apk,6,com.google.android.googlequicksearchbox,com.google.android.sidekick.main.entry.EntriesRefreshIntentService,28548,2,2
7,10014,u,apk,6,com.google.android.googlequicksearchbox,com.google.android.voicesearch.logger.EventLoggerService,30968,4,4
7,10014,u,apk,6,com.google.android.googlequicksearchbox,com.google.android.search.core.summons.icing.InternalIcingCorporaProvider$UpdateCorporaService,623,3,3
7,10016,u,pr,com.android.vending,10,0,0,2
7,10016,u,apk,0,com.android.vending,com.google.android.finsky.services.RestoreService,38,2,2
7,10028,u,nt,5153,2931,0,0
7,10028,u,wl,*sync*/com.android.calendar/com.google/qsr@google.com,0,f,0,2937,p,3,0,w,0
7,10028,u,wl,StartingAlertService,0,f,0,16304,p,5,0,w,0
7,10028,u,pr,com.google.android.calendar,590,400,0,0
7,10028,u,apk,0,com.google.android.calendar,com.google.android.syncadapters.calendar.CalendarSyncAdapterService,0,0,3
7,10028,u,apk,0,com.google.android.calendar,com.android.calendar.alerts.AlertService,25237,5,5
7,10028,u,apk,0,com.google.android.calendar,com.android.calendar.widget.CalendarAppWidgetService,0,0,8
7,10031,u,pr,com.android.chrome,70,20,0,0
7,10034,u,wl,AlarmClock,0,f,0,39,p,2,0,w,0
7,10034,u,wl,AlarmManager,0,f,0,14,p,2,0,w,0
7,10034,u,pr,com.google.android.deskclock,50,20,0,1
7,10034,u,apk,0,com.google.android.deskclock,com.android.alarmclock.DigitalAppWidgetService,0,0,5
7,10039,u,pr,com.google.android.gallery3d,70,30,0,0
7,10039,u,apk,0,com.google.android.gallery3d,com.google.android.picasasync.ConnectivityReceiver$AsyncService,194,19,19
7,10040,u,nt,85372,26109,0,0
7,10040,u,wfl,32876000,2680000,0
7,10040,u,wl,LocationManagerService,0,f,0,0,p,0,0,w,0
7,10040,u,wl,AlarmManager,0,f,0,57,p,1,0,w,0
7,10040,u,wl,NlpWakeLock,0,f,0,1385,p,3,0,w,0
7,10040,u,wl,Genie,0,f,0,151674,p,1,0,w,0
7,10040,u,fg,11727,1
7,10040,u,pr,*wakelock*,1630,1260,0,0
7,10040,u,pr,com.google.android.apps.genie.geniewidget,380,150,460,2
7,10040,u,apk,1,com.google.android.apps.genie.geniewidget,com.google.android.apps.genie.geniewidget.GenieRefreshService,176326,2,2
7,10041,u,nt,78186,67761,0,0
7,10041,u,wl,GmailProviderProviderChangedBroadcastWakeLock,0,f,0,18051,p,13,0,w,0
7,10041,u,wl,*sync*/gmail-ls/com.google/qsr@google.com,0,f,0,26210,p,16,0,w,0
7,10041,u,pr,*wakelock*,1310,830,0,0
7,10041,u,pr,com.google.android.gm,7100,1100,0,0
7,10041,u,apk,0,com.google.android.gm,com.google.android.gm.GmailIntentService,1922,17,17
7,10041,u,apk,0,com.google.android.gm,com.google.android.gm.provider.MailSyncAdapterService,0,0,16
7,10050,u,nt,48653,21936,0,0
7,10050,u,wl,*vibrator*,0,f,0,1095,p,3,0,w,0
7,10050,u,wl,hangouts_rtcs,0,f,0,2088,p,33,0,w,0
7,10050,u,wl,hangouts_gcm,0,f,0,42,p,9,0,w,0
7,10050,u,wl,AlarmManager,0,f,0,0,p,0,0,w,0
7,10050,u,vib,2100,6
7,10050,u,fg,8079,1
7,10050,u,pr,*wakelock*,260,160,0,0
7,10050,u,pr,com.google.android.talk,77890,21720,5260,1
7,10050,u,apk,0,com.google.android.talk,com.google.android.apps.babel.fragments.ConversationFragment$DraftService,164,1,1
7,10050,u,apk,0,com.google.android.talk,com.google.android.apps.babel.realtimechat.RequestWriter,43032,4,4
7,10050,u,apk,0,com.google.android.talk,com.google.android.apps.babel.realtimechat.RealTimeChatService,4077,33,33
7,10050,u,apk,0,com.google.android.talk,com.google.android.apps.babel.realtimechat.GcmIntentService,105,9,9
7,10052,u,wl,AlertService,0,f,0,27,p,2,0,w,0
7,10052,u,pr,com.google.android.keep,10,0,0,2
7,10052,u,apk,0,com.google.android.keep,com.google.android.keep.notification.AlertService,100,2,2
7,10054,u,pr,com.google.android.inputmethod.latin,0,0,0,2
7,10054,u,apk,0,com.google.android.inputmethod.latin,com.android.inputmethod.latin.spellcheck.AndroidSpellCheckerService,0,0,1
7,10054,u,apk,0,com.google.android.inputmethod.latin,com.android.inputmethod.dictionarypack.DictionaryService,13,1,1
7,10058,u,pr,com.google.android.apps.magazines,50,10,0,1
7,10064,u,nt,15479,11733,0,0
7,10064,u,wl,*sync*/com.google.android.apps.plus.content.EsProvider/com.google/qsr@google.com,0,f,0,2237,p,6,0,w,0
7,10064,u,wl,fingerprint_scanner_static,0,f,0,0,p,0,0,w,0
7,10064,u,wl,fingerprint_scanner_local,0,f,0,0,p,0,0,w,0
7,10064,u,wl,*sync*/com.google.android.apps.plus.content.EsProvider/com.google/benjamin.lerman@gmail.com,0,f,0,3438,p,1,0,w,0
7,10064,u,wl,AsyncService,0,f,0,14,p,2,0,w,0
7,10064,u,pr,com.google.android.apps.plus,630,150,0,0
7,10064,u,apk,1,com.google.android.apps.plus,com.google.android.apps.moviemaker.service.PluggedInAnalyzerService,302,1,1
7,10064,u,apk,1,com.google.android.apps.plus,com.google.android.apps.plus.service.EsService,34621,6,6
7,10064,u,apk,1,com.google.android.apps.plus,com.google.android.apps.plus.service.PackagesMediaMonitor$AsyncService,33,2,2
7,10064,u,apk,1,com.google.android.apps.plus,com.google.android.apps.moviemaker.analyzer.AnalyzerService,0,0,1
7,10064,u,apk,1,com.google.android.apps.plus,com.google.android.apps.plus.service.EsSyncAdapterService,0,0,7
7,10068,u,pr,com.qualcomm.timeservice,0,10,0,1
7,10083,u,nt,20486,19495,0,0
7,10083,u,wl,com.google.android.apps.bazaar,0,f,0,7335,p,8,0,w,0
7,10083,u,wl,AlarmManager,0,f,0,600,p,11,0,w,0
7,10083,u,pr,*wakelock*,1300,310,0,0
7,10083,u,pr,com.google.android.apps.bazaar,350,150,0,1
7,10083,u,apk,0,com.google.android.apps.bazaar,com.google.android.apps.bazaar.CheckinService,12009,8,8
7,10084,u,pr,com.imangi.templerun2,200,420,0,0
7,10086,u,pr,com.google.android.apps.unveil,20,0,0,1
7,10094,u,pr,com.google.android.apps.chrome_dev,20,10,0,1
7,10095,u,pr,com.google.android.apps.googlevoice,10,0,0,0
7,10102,u,pr,com.devhd.feedly,10,20,0,1
7,10104,u,pr,com.google.android.apps.enterprise.dmagent,80,40,0,1
7,10109,u,pr,com.google.android.apps.modis,10,0,0,0
7,10113,u,wl,WindowManager,2512,f,1,0,p,0,0,w,0
7,10113,u,pr,eu.chainfire.supersu,10,0,0,1
7,10115,u,pr,com.klye.ime.latin,220,20,0,0
7,10116,u,wl,StartingAlertService,0,f,0,11,p,1,0,w,0
7,10116,u,pr,com.thinkleft.eightyeightsms.mms,190,110,0,1
7,10116,u,apk,0,com.thinkleft.eightyeightsms.mms,com.thinkleft.eightyeightsms.mms.transaction.SmsReceiverService,37,1,1
7,10116,u,apk,0,com.thinkleft.eightyeightsms.mms,com.thinkleft.eightyeightsms.mms.transaction.TransactionService,799,19,19
7,10117,u,fg,5901,1
7,10117,u,pr,eu.chainfire.adbd,310,200,470,0
